$onEmpty
 i1.L  = 3 ;
 i2.L  = 43 ;
 i2.M  = 0.2216861 ;
 i3.L  = 126 ;
 i4.L  = 54 ;
 i5.M  = 0.3228239 ;
$offListing
 i6.M  = 0.03661835 ;
 i7.L  = 3 ;
 i8.L  = 25 ;
 i9.L  = 2 ;
 i10.L  = 35 ;
 i11.L  = 44 ;
 i12.L  = 38 ;
 i13.L  = 2 ;
 x14.L  = -0.03494531 ;
 x15.L  = 0.003616438 ;
 x16.L  = -0.0311 ;
 x16.M  = 46.97832 ;
 x17.L  = 0.2613669 ;
 x18.L  = 0.02549129 ;
 x19.L  = 0.4618126 ;
 x20.L  = 0.04015051 ;
 objvar.L  = 3.55634 ;
 e1.M  = 1 ;
 e2.M  = -0.06338449 ;
 ;
 ;
 ;
 ;
 e7.M  = 0.02167127 ;
 ;
 e9.M  = -0.004810646 ;
 ;

$offEmpty
$onListing
