$onEmpty
 i1.M  = -2.453276 ;
 i2.L  = 9 ;
 i2.M  = -2.347821 ;
 i3.L  = 25 ;
 i4.L  = 11 ;
 i4.M  = 0.4670341 ;
$offListing
 i5.M  = 0.1438238 ;
 i6.L  = 2 ;
 i6.M  = 4.694317 ;
 i7.L  = 1 ;
 i8.L  = 4 ;
 i9.M  = -1.945457 ;
 i10.L  = 7 ;
 i11.L  = 3 ;
 i12.L  = 14 ;
 i13.M  = 1.004937 ;
 x14.L  = -0.03475604 ;
 x15.L  = 0.002122224 ;
 x16.L  = -0.0311 ;
 x16.M  = 397.7384 ;
 x17.L  = 0.1 ;
 x17.M  = 0.4849092 ;
 x18.L  = 0.03070807 ;
 x19.L  = 1 ;
 x19.M  = -0.4036449 ;
 x20.L  = 0.05293846 ;
 objvar.L  = 8.073658 ;
 e1.M  = 1 ;
 ;
 ;
 ;
 ;
 ;
 e7.M  = 0.224383 ;
 ;
 ;
 ;

$offEmpty
$onListing
