$onEmpty
 i1.L  = 6 ;
 i1.M  = -0.446029879468462 ;
 i2.L  = 7 ;
 i2.M  = 2.95309265159678 ;
 i3.L  = 10 ;
 i3.M  = 0.00816375159746054 ;
$offListing
 i4.L  = 10 ;
 i4.M  = 0.0269279516477635 ;
 i5.L  = 2 ;
 i5.M  = 2.08219705503441 ;
 i6.L  = 4 ;
 i6.M  = 4.4605586862019 ;
 i7.L  = 3 ;
 i7.M  = -1.37854637121297 ;
 objvar.L  = 7.65775209273327 ;
 e1.M  = 7.21203493626583 ;
 e2.M  = 7.30624850460051 ;
 e3.M  = 8.1147811850701 ;
 e4.M  = 8.53979804555658 ;
 e5.M  = 9.70571460868999 ;
 e6.M  = 9.2761217807335 ;
 e7.M  = 9.09267517995466 ;
 e8.M  = 10.1760841995 ;
 e9.M  = 12.8569947284659 ;
 e10.M  = 12.6254300783838 ;
 e11.M  = 14.4677408546139 ;
 e12.M  = 13.56829208 ;
 e13.M  = 7.45090820117213 ;
 e14.M  = 7.7741025070572 ;
 e15.M  = 7.81842849448153 ;
 e16.M  = 7.70729699999959 ;
 e17.M  = 7.42121992681672 ;
 e18.M  = 7.3797361058422 ;
 e19.M  = 7.56668042877322 ;
 e20.M  = 7.63733654020075 ;
 e21.M  = 8.01202616872526 ;
 e22.M  = 8.16482626082803 ;
 e23.M  = 8.45519694756961 ;
 e24.M  = 9.13341193971272 ;
 e25.M  = 0.460573234166641 ;
 e26.M  = 0.413986626709636 ;
 e27.M  = 301.866004732319 ;
 e28.M  = 301.866004732319 ;

$offEmpty
$onListing
