$onEmpty
 e1.M  = 1 ;
 e2.M  = -54.3566060234185 ;
 e3.M  = -17.6117840632004 ;
 e4.M  = 84.0579470790654 ;
 e5.M  = 22.1865118916195 ;
 ;
 e7.M  = -60.8461333828798 ;
 ;
$offListing
 e9.M  = -23.8543691571102 ;
 e10.M  = 14.0124783895847 ;
 e11.M  = 81.606724207475 ;
 e12.M  = Eps ;
 e13.M  = 5.51038690020371 ;
 e14.M  = -192.435404694402 ;
 e15.M  = Eps ;
 e16.M  = 1435.3635755969 ;
 e17.M  = 195.152971940689 ;
 ;
 ;
 ;
 ;
 ;
 ;
 ;
 ;
 ;
 ;
 ;
 ;
 e30.M  = -73.7445868333114 ;
 e31.M  = -35.485486809313 ;
 ;
 ;
 ;
 e35.M  = -0.131258007937561 ;
 e36.M  = -2.82051282051282 ;
 e37.M  = -17.8322798928735 ;
 e38.M  = -45.7557445394357 ;
 ;
 e40.M  = -3.41585295590099 ;
 e41.M  = -21.6455751663465 ;
 ;
 ;
 ;
 e45.M  = -2.82051282051282 ;
 e46.M  = -192.435404694402 ;
 ;
 ;
 e49.M  = -71.6350297026482 ;
 e50.M  = Eps ;
 e51.M  = -477.087383142204 ;
 e52.M  = Eps ;
 e53.M  = Eps ;
 e54.M  = -536.82630412615 ;
 e55.M  = Eps ;
 ;
 e57.M  = -123.517942238041 ;
 ;
 e59.M  = -211.262712484772 ;
 ;
 e61.M  = Eps ;
 e62.M  = -5.4665922662753 ;
 e63.M  = -21.3596405592843 ;
 e64.M  = -17.7517711493697 ;
 e65.M  = Eps ;
 x1.L  = 650 ;
 x2.L  = 581.768386755798 ;
 x3.L  = 386.768386755798 ;
 x4.L  = 590 ;
 x5.L  = 590 ;
 x6.L  = 468.673709933152 ;
 x7.L  = 617.256128918599 ;
 x8.L  = 571.768386755798 ;
 x9.L  = 410 ;
 x10.L  = 500 ;
 x11.L  = 500 ;
 x12.L  = 350 ;
 x13.L  = 682.316132442021 ;
 ;
 x15.M  = 43.9550687206688 ;
 x16.L  = 1950 ;
 ;
 x18.L  = 2426.52580133697 ;
 ;
 ;
 x21.L  = 167.683867557979 ;
 x22.L  = 1973.47419866304 ;
 x23.L  = 491.158066221014 ;
 x24.M  = 61.6340528598102 ;
 x25.L  = 32.7438710814009 ;
 x26.L  = 10 ;
 x26.M  = 96.5649503760316 ;
 x27.L  = 84.0606610308357 ;
 x28.L  = 10 ;
 x28.M  = Eps ;
 x29.L  = 81.7683867557974 ;
 x30.L  = 36.7683867557976 ;
 x31.L  = 91.0854424885351 ;
 x32.L  = 18.2316132442024 ;
 x32.M  = -3.36854100169148E-9 ;
 x33.L  = 58.6737099331517 ;
 x34.L  = 300.281162049854 ;
 x35.L  = 221.721322637523 ;
 x36.L  = 250.395032570674 ;
 x37.L  = 66.7683867557978 ;
 x38.L  = 148.673709933152 ;
 x39.L  = 62.7438710814008 ;
 x40.L  = 180 ;
 b41.L  = 1 ;
 b41.M  = 209693.278469754 ;
 b42.M  = 5132.47757777483 ;
 ;
 b44.L  = 1 ;
 b45.M  = -159220.680341968 ;
 b46.L  = 1 ;
 b46.M  = 94985.5124315068 ;
 b47.M  = -1160.91326400693 ;
 b48.M  = -36708.8715743756 ;
 b49.L  = 1 ;
 b49.M  = 5500 ;
 b50.L  = 1 ;
 b50.M  = 5500 ;
 b51.L  = 1 ;
 b51.M  = 5500 ;
 ;
 objvar.L  = 155010.671278214 ;

$offEmpty
$onListing
