$onEmpty
 ;
 ;
 e3.M  = -1.6 ;
 e4.M  = -2.4 ;
 ;
 ;
 ;
 ;
 e9.M  = -0.572427255082877 ;
 e10.M  = Eps ;
 e11.M  = -0.855145489834245 ;
 e12.M  = -2 ;
$offListing
 e13.M  = -0.5 ;
 e14.M  = 1 ;
 x1.L  = 0.2 ;
 x2.L  = 0.8 ;
 x3.L  = 1.90787840283389 ;
 x4.L  = 1 ;
 x5.L  = 1 ;
 ;
 x7.L  = 1 ;
 b8.L  = 1 ;
 b8.M  = 1.6 ;
 b9.L  = 1 ;
 b9.M  = 1.54485451016575 ;
 b10.M  = -2 ;
 b11.L  = 1 ;
 b11.M  = -0.5 ;
 objvar.L  = 4.57958240243671 ;

$offEmpty
$onListing
