$onEmpty
 x1.L  = 1.11803398875 ;
 x2.L  = 1.3103706971 ;
 b3.M  = 0.105572809 ;
 b4.L  = 1 ;
 b4.M  = -1.12074139421 ;
 b5.L  = 1 ;
$offListing
 objvar.L  = 7.66718006881 ;
 e1.M  = 1 ;
 e2.M  = 0.894427191 ;
 e3.M  = 1.74716092947 ;
 ;
 ;
 e6.M  = -0.5 ;

$offEmpty
$onListing
