$onEmpty
 ;
 ;
 e3.M  = -0.906852819440055 ;
 ;
 ;
 e6.M  = -0.693147180559945 ;
 e7.M  = -1.5 ;
 ;
 e9.M  = -0.572427255082842 ;
 e10.M  = 1 ;
 x1.L  = 0.2 ;
$offListing
 x2.L  = 0.8 ;
 x3.L  = 1.90787840283393 ;
 b4.L  = 1 ;
 b4.M  = -0.0931471805599449 ;
 b5.L  = 1 ;
 b5.M  = -0.927572744917158 ;
 b6.M  = -1 ;
 b7.L  = 1 ;
 objvar.L  = 4.57958240243661 ;

$offEmpty
$onListing
