$onEmpty
 e1.M  = 1 ;
 e2.M  = 3600 ;
 e3.M  = 3600 ;
 e4.M  = Eps ;
 e5.M  = -247.664092739081 ;
 e6.M  = -56.9487886465572 ;
$offListing
 e7.M  = Eps ;
 e8.M  = 117237.300303866 ;
 e9.M  = 117237.300303866 ;
 e10.M  = 117237.300303866 ;
 e11.M  = 117237.300303866 ;
 e12.M  = 114431.281013504 ;
 e13.M  = 11389.7577293114 ;
 e14.M  = Eps ;
 ;
 ;
 ;
 ;
 ;
 ;
 ;
 ;
 ;
 ;
 ;
 ;
 ;
 ;
 ;
 ;
 ;
 ;
 ;
 ;
 e35.M  = Eps ;
 e36.M  = 3621.44608212783 ;
 e37.M  = 4413.54854538291 ;
 e38.M  = 17713.7495062947 ;
 e39.M  = Eps ;
 e40.M  = 1536.3511353443 ;
 e41.M  = Eps ;
 e42.M  = 228862.562027009 ;
 e43.M  = 25852.2177293115 ;
 e44.M  = Eps ;
 x1.L  = 28.2703391704179 ;
 x2.L  = 2.63440000000001 ;
 x3.L  = 1.46350731598051 ;
 x4.L  = 2855.10150463413 ;
 x5.L  = 2950 ;
 x5.M  = -1.48369725872538 ;
 x6.L  = 1792.82452011515 ;
 x7.L  = 400 ;
 x7.M  = -38.4141097946805 ;
 x8.L  = 200 ;
 x9.L  = 133.333333333333 ;
 x10.L  = 160 ;
 x11.L  = 30.0000000000001 ;
 x12.M  = Eps ;
 x13.L  = 0.914285714285714 ;
 x14.L  = 0.0857142857142862 ;
 ;
 x16.L  = 2 ;
 x17.L  = 1 ;
 ;
 b19.M  = 3621.44608212783 ;
 b20.L  = 1 ;
 b20.M  = 7242.89216425567 ;
 b21.L  = 1 ;
 b21.M  = 4413.54854538291 ;
 b22.M  = 8827.09709076582 ;
 b23.M  = 17713.7495062947 ;
 b24.M  = 35427.4990125895 ;
 x25.L  = 1 ;
 x26.L  = 2 ;
 x27.L  = 3 ;
 x27.M  = Eps ;
 b28.L  = 1 ;
 b29.M  = Eps ;
 b30.M  = 1536.3511353443 ;
 b31.L  = 1 ;
 b31.M  = 3072.7022706886 ;
 b32.L  = 1 ;
 b32.M  = Eps ;
 b33.L  = 1 ;
 x34.L  = 1 ;
 x35.L  = 1 ;
 x36.L  = 1 ;
 b37.L  = 1 ;
 b37.M  = 228862.562027009 ;
 b38.L  = 1 ;
 b38.M  = 25852.2177293115 ;
 b39.L  = 1 ;
 objvar.L  = 128893.741013504 ;

$offEmpty
$onListing
