$onEmpty
 e1.M  = -9.99999999999774 ;
 e2.M  = -1 ;
 e3.M  = Eps ;
 e4.M  = 2 ;
 e5.M  = -17.5000000043852 ;
 e6.M  = -30 ;
$offListing
 e7.M  = -80 ;
 e8.M  = -31.6666666617942 ;
 e9.M  = 2 ;
 e10.M  = 35.0000000087704 ;
 e11.M  = Eps ;
 e12.M  = Eps ;
 e13.M  = Eps ;
 e14.M  = Eps ;
 e15.M  = Eps ;
 e16.M  = -16.6666666617942 ;
 ;
 e18.M  = -2.5 ;
 ;
 e20.M  = -8.99999999999774 ;
 ;
 e22.M  = -4.99999999122964 ;
 ;
 ;
 ;
 e26.M  = -43 ;
 ;
 e28.M  = -84.9999999999774 ;
 ;
 e30.M  = 7 ;
 ;
 e32.M  = 1 ;
 b1.L  = 1 ;
 b1.M  = 92.9999999999774 ;
 b2.M  = -43.9999999122964 ;
 b3.L  = 1 ;
 b3.M  = 17 ;
 b4.M  = 6 ;
 b5.L  = 1 ;
 b6.M  = -433 ;
 b7.L  = 1 ;
 b7.M  = 5 ;
 ;
 ;
 ;
 x11.L  = 4.29449005047003 ;
 x12.L  = 2 ;
 x12.M  = -10.5879249579416 ;
 x13.L  = 0.666666666666893 ;
 x14.L  = 0.198830409216582 ;
 x15.L  = 0.467836257450311 ;
 ;
 x17.L  = 0.467836257450311 ;
 x18.L  = 1.33333333333333 ;
 x19.L  = 1.33333333333333 ;
 x20.L  = 2 ;
 x21.L  = 0.266666666666667 ;
 x22.M  = 17.5000000043852 ;
 ;
 x24.L  = 0.584795321812888 ;
 x25.L  = 0.719122667117072 ;
 x26.L  = 2 ;
 x26.M  = -2.99999999999999 ;
 x27.L  = 1.64791843300216 ;
 ;
 ;
 x30.L  = 1.64791843300216 ;
 x31.L  = 1.3812517663355 ;
 x32.L  = 0.584795321812888 ;
 x32.M  = 8.77035688517935E-9 ;
 objvar.L  = 68.0097440510629 ;

$offEmpty
$onListing
