$onEmpty
 e1.M  = 1 ;
 e2.M  = -25 ;
 e3.M  = -5 ;
 ;
 ;
 ;
 e7.M  = 682284.153389288 ;
 e8.M  = 682279.153389288 ;
 e9.M  = 682279.153389288 ;
$offListing
 e10.M  = 733695.455095167 ;
 e11.M  = 733675.455095167 ;
 e12.M  = 733675.455095167 ;
 e13.M  = 645159.602157263 ;
 ;
 ;
 ;
 ;
 e18.M  = 190758018.324743 ;
 e19.M  = 211506537.550679 ;
 x1.M  = 682299.153389288 ;
 x2.M  = Eps ;
 x3.M  = 30 ;
 x4.L  = 180 ;
 x5.L  = 100 ;
 x6.L  = 20 ;
 x7.M  = 45 ;
 x8.M  = 88520.852937904 ;
 x9.M  = 682289.153389288 ;
 ;
 x11.L  = 130 ;
 x12.M  = 5 ;
 x13.L  = 20 ;
 x14.L  = 120 ;
 ;
 x16.M  = 88535.852937904 ;
 b17.M  = -95238236.8502432 ;
 b18.L  = 1 ;
 b19.L  = 1 ;
 ;
 b21.L  = 1 ;
 b21.M  = 2000 ;
 b22.L  = 1 ;
 b22.M  = 2500 ;
 objvar.L  = 160912612.350169 ;

$offEmpty
$onListing
