$onEmpty
 e1.M  = 1 ;
 ;
 ;
 ;
 e5.M  = -57.8062000000209 ;
 ;
 e7.M  = -17.744 ;
 e8.M  = 132729.674 ;
 e9.M  = 132712.9559 ;
 ;
 e11.M  = 132648.3886 ;
$offListing
 e12.M  = 132630.3113 ;
 e13.M  = 132624.8376 ;
 e14.M  = 75048.1289 ;
 e15.M  = 190394.501 ;
 e16.M  = 190309.4347 ;
 e17.M  = 190336.8475 ;
 e18.M  = 190336.3527 ;
 e19.M  = 74918.7962 ;
 e20.M  = 10.7347 ;
 e21.M  = -115030.257 ;
 e22.M  = 14.912 ;
 e23.M  = 169.218 ;
 e24.M  = 78.768 ;
 e25.M  = -115285.7713 ;
 ;
 ;
 e28.M  = -190231.0761 ;
 ;
 ;
 ;
 e32.M  = 15926557.794 ;
 e33.M  = 22838776.932 ;
 e34.M  = 15915308.934 ;
 x1.L  = 60 ;
 ;
 x3.M  = 132757.177 ;
 ;
 x5.M  = 147.175699999993 ;
 x6.L  = 60 ;
 x7.M  = 115485.1571 ;
 x8.M  = 46.4449999999779 ;
 x9.M  = 40.0889000000025 ;
 x10.M  = 85.6424999999872 ;
 x11.M  = 204.883299999987 ;
 x12.M  = 115515.1548 ;
 ;
 x14.M  = 115086.2842 ;
 ;
 ;
 x17.M  = 130.26 ;
 x18.M  = 115545.0613 ;
 x19.M  = 50.1359999999986 ;
 x20.L  = 60 ;
 x21.M  = 132739.307 ;
 x22.M  = 42.3126000000047 ;
 x23.M  = 79.3675999999978 ;
 x24.M  = 299.267600000021 ;
 x25.M  = 115364.9361 ;
 ;
 x27.L  = 60 ;
 x28.M  = 72.3549000000348 ;
 ;
 x30.M  = 115692.733 ;
 x31.M  = 255.9103 ;
 x32.M  = 115224.6462 ;
 x33.M  = 0.18 ;
 x34.M  = 82.6892000000209 ;
 ;
 x36.M  = 115463.9375 ;
 x37.M  = 142.043999999994 ;
 x38.M  = 91.9351000000024 ;
 x39.M  = 132757.213 ;
 x40.M  = 235.0864 ;
 x41.L  = 60 ;
 x42.M  = 56.1314999999886 ;
 x43.M  = 115539.8671 ;
 x44.M  = 51.8279999999795 ;
 x45.M  = 265.066300000006 ;
 x46.L  = 60 ;
 x47.M  = 216.316299999977 ;
 x48.M  = 115454.5752 ;
 x49.M  = 190.9113 ;
 x50.M  = 115212.574 ;
 x51.M  = 280.245 ;
 ;
 x53.M  = 143.026 ;
 x54.M  = 115581.8193 ;
 b55.L  = 1 ;
 b56.M  = -14879873.616 ;
 b57.L  = 1 ;
 ;
 b59.L  = 1 ;
 ;
 ;
 ;
 ;
 b64.L  = 1 ;
 b64.M  = 2481400 ;
 b65.L  = 1 ;
 b65.M  = 2156460 ;
 b66.M  = -475013222.723366 ;
 objvar.L  = 31982309.848 ;

$offEmpty
$onListing
