$onEmpty
 e1.M  = 1 ;
 ;
 ;
 ;
 ;
 e6.M  = Eps ;
 ;
 e8.M  = -1.92177620766247 ;
 e9.M  = -1.92177620766247 ;
 e10.M  = -1.92177620766247 ;
 e11.M  = 6.74508970459112 ;
$offListing
 e12.M  = 8.72893961770757 ;
 e13.M  = 7.93539965246167 ;
 e14.M  = 1.92177620766247 ;
 e15.M  = 1.92177620766247 ;
 e16.M  = 1.92177620766247 ;
 b1.L  = 1 ;
 b1.M  = 96.0888103831234 ;
 b2.L  = 1 ;
 b2.M  = 96.0888103837611 ;
 b3.L  = 1 ;
 b3.M  = 96.0888103831234 ;
 x4.L  = 250.982059081449 ;
 x5.L  = 354.212076458486 ;
 x6.L  = 312.920069507667 ;
 x7.L  = 149.017940918551 ;
 x7.M  = Eps ;
 x8.L  = 545.787923541514 ;
 x9.L  = 387.079930492333 ;
 x10.L  = 615.94202898527 ;
 x11.L  = 1031.54305200365 ;
 x12.L  = 852.514919011082 ;
 x13.L  = 2884.05797101473 ;
 x14.L  = 2352.51491901108 ;
 x15.L  = 2000 ;
 x15.M  = 1.92177620766247 ;
 objvar.L  = 8566.11896168767 ;

$offEmpty
$onListing
