$onEmpty
 ;
 x2.L  = 19 ;
 x3.L  = 16 ;
 x4.L  = 43 ;
 x5.L  = 49 ;
 i6.L  = 19 ;
 i7.L  = 16 ;
$offListing
 i8.L  = 43 ;
 i9.L  = 49 ;
 e1.M  = 1 ;
 e2.M  = 2.406932E-7 ;
 e3.M  = 3.369704E-7 ;
 e4.M  = -1.366096E-7 ;
 e5.M  = Eps ;

$offEmpty
$onListing
