$onEmpty
 i1.L  = 19 ;
 i2.L  = 16 ;
 i3.L  = 43 ;
 i4.L  = 49 ;
 objvar.L  = 1.643428 ;
 x6.M  = 2 ;
$offListing
 x7.L  = 1.643428 ;
 e1.M  = 1 ;
 e2.M  = 1 ;

$offEmpty
$onListing
