$onEmpty
 b1.M  = 5.5975662506614 ;
 b2.L  = 1 ;
 b2.M  = 5.90250635005134 ;
 b3.M  = 5.34487810303435 ;
 b4.M  = 0.226763566885965 ;
 b5.L  = 1 ;
$offListing
 b5.M  = 0.256522393072023 ;
 b6.M  = 0.239135710959939 ;
 b7.M  = 0.239135710959939 ;
 b8.L  = 1 ;
 b8.M  = 0.256522432833061 ;
 b9.M  = 0.226763566885965 ;
 b10.L  = 1 ;
 b10.M  = 7.78163488531208 ;
 b11.M  = 8.20275610163388 ;
 b12.M  = 14.6264770436496 ;
 x13.L  = 0.809069142324841 ;
 x14.L  = 1.35087807346698 ;
 x15.L  = 0.395731590559514 ;
 x16.L  = 0.8 ;
 x16.M  = -0.375974013553163 ;
 x17.L  = 11 ;
 x18.L  = 9.29934271823241 ;
 x19.L  = 0.32 ;
 x20.L  = 5.30253974438748 ;
 x21.L  = 60.1607068238901 ;
 x22.L  = 0.338108548603723 ;
 x23.L  = 0.168260845953632 ;
 x24.L  = 36.260049376248 ;
 x25.L  = 60.3690791172328 ;
 x26.L  = 9.83665962205687 ;
 x27.L  = 0.65805868878851 ;
 x28.L  = 18.0155802646792 ;
 x29.L  = 0.832475035406674 ;
 objvar.L  = 7.78163488531208 ;
 e1.M  = -0.00829505794990833 ;
 e2.M  = -0.735887693720334 ;
 e3.M  = -0.0345374604053122 ;
 e4.M  = 0.00214488935669615 ;
 e5.M  = Eps ;
 e6.M  = -5.12001293050818 ;
 e7.M  = -0.00214488935669615 ;
 ;
 e9.M  = 5.12001293050818 ;
 e10.M  = -0.0217432592817907 ;
 e11.M  = 0.788411655158294 ;
 e12.M  = 0.33530882747298 ;
 e13.M  = 0.0384787283705476 ;
 e14.M  = Eps ;
 e15.M  = -0.00334716585302245 ;
 e16.M  = 0.202065320199648 ;
 ;
 ;
 ;
 ;
 ;
 ;
 ;
 ;
 ;
 ;
 ;
 ;
 ;
 e30.M  = Eps ;
 ;
 ;
 ;
 ;
 ;
 ;
 e37.M  = 1 ;
 ;

$offEmpty
$onListing
