$onEmpty
 x1.L  = 1.524204 ;
 ;
 x3.L  = 1.524204 ;
 x4.L  = 1.111111 ;
 x5.M  = 2.013693 ;
 ;
 x7.L  = 1.111111 ;
 x8.L  = 1 ;
$offListing
 x8.M  = -5.459659 ;
 b9.L  = 1 ;
 b10.M  = -9.931533 ;
 b11.L  = 1 ;
 objvar.L  = -1.923099 ;
 e1.M  = 1 ;
 e2.M  = -3.986307 ;
 e3.M  = -3.786307 ;
 e4.M  = -5.540341 ;
 e5.M  = 4.986307 ;
 e6.M  = 1.8 ;
 ;
 e8.M  = -2.186307 ;
 ;

$offEmpty
$onListing
