$onEmpty
 e1.M  = 1 ;
 e2.M  = -0.00948753333333332 ;
 e3.M  = 0.00756710588235294 ;
 e4.M  = 0.0210375739130435 ;
 e5.M  = 0.012096605 ;
 e6.M  = 0.0177611699999999 ;
$offListing
 e7.M  = -0.00531485 ;
 e8.M  = -0.02250791 ;
 e9.M  = 0.00168909 ;
 e10.M  = -0.00935939 ;
 e11.M  = 0.0040862365 ;
 e12.M  = -0.0231894465 ;
 ;
 e14.M  = 0.0102724823529412 ;
 e15.M  = Eps ;
 e16.M  = 0.00531485 ;
 ;
 e18.M  = -0.00168909 ;
 e19.M  = 0.00756710588235294 ;
 e20.M  = 0.0181901176470588 ;
 e21.M  = 0.02250791 ;
 e22.M  = 0.022584584117647 ;
 e23.M  = Eps ;
 e24.M  = 0.0284626 ;
 ;
 e26.M  = 0.00756710588235294 ;
 e27.M  = Eps ;
 e28.M  = 0.020895494117647 ;
 e29.M  = 0.00111719 ;
 e30.M  = 0.00595469 ;
 e31.M  = 0.00168909 ;
 e32.M  = -0.00404454000000001 ;
 e33.M  = 0.02321796 ;
 e34.M  = -0.00568164000000001 ;
 e35.M  = Eps ;
 e36.M  = Eps ;
 e37.M  = Eps ;
 e38.M  = Eps ;
 e39.M  = -0.0965194285714291 ;
 e40.M  = 0.486997714285715 ;
 e41.M  = -0.507462000000002 ;
 e42.M  = -0.0643501680672275 ;
 ;
 ;
 objvar.L  = 1.567072 ;
 x2.M  = 0.00077631 ;
 x3.L  = 85.7142857142863 ;
 x4.L  = 57.1428571428574 ;
 x5.L  = 85.7142857142858 ;
 x6.L  = 24.2857142857144 ;
 x7.L  = 32.8571428571431 ;
 x8.L  = 57.1428571428575 ;
 x9.L  = 28.5714285714288 ;
 x10.L  = 57.1428571428574 ;
 x11.M  = 0.0198123352608696 ;
 x12.M  = 0.00756710588235294 ;
 x13.L  = 24.2857142857144 ;
 x14.L  = 32.8571428571431 ;
 x15.M  = 0.0173250608695653 ;
 ;
 x17.M  = 0.00674589 ;
 x18.M  = 0.0134917799999998 ;
 x19.L  = 28.5714285714288 ;
 x20.L  = 77.1428571428568 ;
 x21.L  = 137.142857142857 ;
 x22.L  = 28.5714285714287 ;
 x23.L  = 24.2857142857144 ;
 x24.L  = 4.28571428571431 ;
 x25.L  = 28.5714285714287 ;
 x26.L  = 28.5714285714287 ;
 x27.L  = 28.5714285714287 ;
 x28.L  = 0.5 ;
 x29.L  = 0.425 ;
 x30.L  = 0.075 ;
 x31.L  = 0.333333333333333 ;
 x32.L  = 0.333333333333333 ;
 x33.L  = 0.333333333333333 ;
 x34.L  = 1 ;
 x35.M  = 0.249474571428572 ;
 ;
 x37.L  = 0.130434782608697 ;
 x38.L  = 0.739130434782609 ;
 x39.L  = 0.130434782608694 ;
 x40.L  = 0.5 ;
 x41.L  = 0.425 ;
 x42.L  = 0.075 ;
 ;
 x44.L  = 0.150000000000003 ;
 x45.L  = 0.849999999999997 ;
 x46.L  = 0.85 ;
 x46.M  = 0.318162689075632 ;
 x47.L  = 1 ;
 x48.L  = 0.85 ;
 x48.M  = 2.25531971428571 ;
 x49.L  = 0.85 ;
 x49.M  = 2.55486045378151 ;
 b50.L  = 1 ;
 b50.M  = 0.23947 ;
 b51.L  = 1 ;
 b51.M  = 0.75835 ;

$offEmpty
$onListing
