$onEmpty
 e1.M  = 1 ;
 e2.M  = Eps ;
 e3.M  = Eps ;
 e4.M  = 0.00272633029045642 ;
 e5.M  = 0.00460014091666668 ;
 e6.M  = Eps ;
$offListing
 e7.M  = 0.00156804686274508 ;
 e8.M  = -0.0150473166666667 ;
 e9.M  = 0.0134792698039216 ;
 e10.M  = 0.0210752790538579 ;
 e11.M  = -0.0878019331466761 ;
 e12.M  = 0.0667266540928182 ;
 e13.M  = -0.0103070235294118 ;
 e14.M  = Eps ;
 e15.M  = -0.0128853764705883 ;
 ;
 e17.M  = 0.37811770652597 ;
 e18.M  = -0.0667266540928182 ;
 e19.M  = 0.0103070235294118 ;
 e20.M  = 0.0231924000000001 ;
 e21.M  = -0.341547968681522 ;
 ;
 ;
 ;
 ;
 e26.M  = -0.0103070235294118 ;
 e27.M  = 0.0231924000000001 ;
 e28.M  = -0.0128853764705883 ;
 e29.M  = 2.19933333333163E-5 ;
 e30.M  = 0.00485949333333332 ;
 e31.M  = 0.000593893333333316 ;
 e32.M  = 0.0210752790538579 ;
 ;
 ;
 e35.M  = Eps ;
 e36.M  = Eps ;
 e37.M  = Eps ;
 e38.M  = Eps ;
 e39.M  = -0.12576564705882 ;
 e40.M  = Eps ;
 e41.M  = -0.901976352941181 ;
 e42.M  = Eps ;
 ;
 e44.M  = -0.00252783333333333 ;
 objvar.L  = 0.625967411764703 ;
 x2.L  = 211.764705882353 ;
 ;
 x4.L  = 211.764705882354 ;
 ;
 x6.L  = 70 ;
 x7.L  = 141.764705882353 ;
 x8.M  = 0.00593749861026222 ;
 ;
 ;
 ;
 x12.L  = 70 ;
 x13.M  = 0.00552139159663866 ;
 x14.M  = 0.00272633029045642 ;
 x15.L  = 141.764705882353 ;
 x16.M  = 0.00460014091666668 ;
 x17.M  = 0.000863285916666665 ;
 ;
 x19.M  = 0.00747371000000004 ;
 x20.L  = 59.9999999999998 ;
 x21.L  = 28.2352941176471 ;
 x22.L  = 70.5882352941177 ;
 x23.L  = 70.5882352941177 ;
 x24.L  = 70.5882352941177 ;
 ;
 ;
 ;
 x28.L  = 0.333333333333333 ;
 x29.L  = 0.333333333333333 ;
 x30.L  = 0.333333333333333 ;
 x31.L  = 0.3333333 ;
 x31.M  = Eps ;
 x32.L  = 0.3333333 ;
 x32.M  = Eps ;
 x33.L  = 0.3333334 ;
 x34.L  = 0.857142857142857 ;
 x35.L  = 0.142857142857143 ;
 ;
 x37.L  = 0.0746887966804978 ;
 x38.L  = 0.427385892116182 ;
 x39.L  = 0.49792531120332 ;
 x40.L  = 0.5 ;
 x40.M  = Eps ;
 x41.L  = 0.425 ;
 x41.M  = Eps ;
 x42.L  = 0.075 ;
 ;
 x44.L  = 0.15 ;
 x44.M  = Eps ;
 x45.L  = 0.85 ;
 x46.L  = 0.85 ;
 x46.M  = 1.25274186851212 ;
 x47.L  = 0.858333333333331 ;
 x48.L  = 0.85 ;
 x48.M  = Eps ;
 x49.L  = 0.85 ;
 x49.M  = Eps ;
 b50.L  = 1 ;
 b50.M  = 0.23947 ;
 ;

$offEmpty
$onListing
