$onEmpty
 e1.M  = 1 ;
 i1.L  = 9 ;
 i1.M  = -1.24402567169848 ;
 i2.L  = 9 ;
 i2.M  = -1.24402567169848 ;
 i3.L  = 9 ;
$offListing
 i3.M  = -1.24402567169848 ;
 i4.L  = 9 ;
 i4.M  = -1.24402567169848 ;
 i5.L  = 9 ;
 i5.M  = -1.24402567169848 ;
 i6.L  = 9 ;
 i6.M  = -1.24402567169848 ;
 i7.L  = 9 ;
 i7.M  = -1.24402567169848 ;
 i8.L  = 9 ;
 i8.M  = -1.24402567169848 ;
 i9.L  = 9 ;
 i9.M  = -1.24402567169848 ;
 i10.L  = 9 ;
 i10.M  = -1.24402567169848 ;
 objvar.L  = -43.1343369180353 ;

$offEmpty
$onListing
