$onEmpty
 e1.M  = 0.000106838817227979 ;
 e2.M  = 0.678494239566637 ;
 e3.M  = 0.000185862387563257 ;
 e4.M  = 0.38420916992107 ;
 e5.M  = 0.00018790830409823 ;
 ;
 ;
 ;
 ;
 e10.M  = 1 ;
$offListing
 i1.L  = 5 ;
 i1.M  = 0.357441308788086 ;
 i2.L  = 1 ;
 i2.M  = 4.03976895304357 ;
 x3.L  = 0.680951997701816 ;
 x3.M  = Eps ;
 x4.L  = 2.79388465202066 ;
 x5.L  = 2230.36977301921 ;
 x6.L  = 12467.6267080508 ;
 x7.L  = 3.16539914738545 ;
 x8.L  = 0.441316327250857 ;
 objvar.L  = 5.47093410823773 ;

$offEmpty
$onListing
