$onEmpty
 e1.M  = 67.0810134519445 ;
 e2.M  = 44.9760637082565 ;
 ;
 ;
 e5.M  = 34.6468368060181 ;
 e6.M  = Eps ;
 e7.M  = 17.4923156168705 ;
 e8.M  = 0.306178239173651 ;
$offListing
 e9.M  = 1 ;
 i1.L  = 1 ;
 i1.M  = 72.8860128291668 ;
 i2.M  = -4.29415423105213 ;
 i3.M  = 61.3877992045058 ;
 i4.L  = 1 ;
 i4.M  = -10.8758434643646 ;
 i5.L  = 1 ;
 i5.M  = 30.8402644161474 ;
 x6.L  = 0.818451133868612 ;
 x7.L  = 0.951456310679612 ;
 x8.M  = 18.6122451798322 ;
 x9.L  = 1.6757956179929 ;
 x10.L  = 1.12883495145631 ;
 x11.M  = 11.0126193015322 ;
 x12.M  = 11.4840865712771 ;
 x13.L  = 1.05109441354179 ;
 x14.M  = 10.5589972101623 ;
 x15.L  = 0.407655354516278 ;
 x16.M  = 13.1779083321035 ;
 objvar.L  = 230.922165208129 ;

$offEmpty
$onListing
