$onEmpty
 ;
 x2.L  = 1.524204 ;
 x3.M  = 0.25 ;
 ;
 x5.L  = 1.111111 ;
 x6.L  = 0.9999999 ;
 b7.L  = 0.9999999 ;
 b8.M  = -3.388888 ;
$offListing
 b9.L  = 1 ;
 objvar.L  = -1.923099 ;
 e1.M  = 1 ;
 e2.M  = -1.8 ;
 e3.M  = -3.786306 ;
 e4.M  = -7.5 ;
 e5.M  = -3.5 ;
 e6.M  = -3.95 ;
 e7.M  = -1.763694 ;
 ;

$offEmpty
$onListing
