$onEmpty
 ;
 x2.L  = 1.524204 ;
 ;
 x4.L  = 1.111111 ;
 x5.M  = 2.013693 ;
 x6.L  = 1.111111 ;
 x7.L  = 1 ;
 x7.M  = -5.459659 ;
$offListing
 b8.L  = 1 ;
 b9.M  = -7.745226 ;
 b10.L  = 1 ;
 objvar.L  = -1.923099 ;
 e1.M  = -5.540341 ;
 e2.M  = -1.8 ;
 e3.M  = -1.8 ;
 e4.M  = -4.986307 ;
 ;
 e6.M  = -2.186307 ;
 ;
 e8.M  = -1 ;

$offEmpty
$onListing
