$onEmpty
 e1.M  = -3.02454665827813 ;
 e2.M  = -18.5255540843267 ;
 e3.M  = -10.7119704293432 ;
 e4.M  = 11.2442422519192 ;
 e5.M  = -7.80380640352918 ;
 e6.M  = 8.1915731813443 ;
$offListing
 e7.M  = -48.7965385372485 ;
 e8.M  = 51.2212112595962 ;
 e9.M  = 4.04920426416484 ;
 e10.M  = -25.9507957358352 ;
 e11.M  = -9.72958447623892 ;
 e12.M  = 25.2704155237611 ;
 e13.M  = 4.04920426416484 ;
 e14.M  = -25.9507957358352 ;
 e15.M  = -9.72958447623892 ;
 e16.M  = 25.2704155237611 ;
 e17.M  = 4.04920426416484 ;
 e18.M  = -25.9507957358352 ;
 e19.M  = -9.72958447623892 ;
 e20.M  = 25.2704155237611 ;
 e21.M  = 4.04920426416484 ;
 e22.M  = -25.9507957358352 ;
 ;
 ;
 ;
 e26.M  = -1.63051261836448 ;
 ;
 ;
 e29.M  = -25.2704155237611 ;
 e30.M  = -4.04920426416484 ;
 ;
 e32.M  = 1 ;
 x1.L  = 14.040923522975 ;
 x2.L  = 0.95907647702501 ;
 x3.L  = 2.85907647702501 ;
 x4.L  = 15.140923522975 ;
 x5.L  = 8 ;
 x6.L  = 25 ;
 x6.M  = -2.77505037130243 ;
 x7.L  = 16.9 ;
 x8.L  = 16.1 ;
 x9.L  = 1.83290467943586 ;
 x10.L  = 1.74613996088262 ;
 x11.L  = 12.8030303030303 ;
 x12.L  = 12.1969696969697 ;
 x13.M  = 35.0177497968447 ;
 ;
 x15.L  = 2.26406501753387 ;
 x16.L  = 2.15689034214765 ;
 x17.L  = 1.55796897752048 ;
 x18.L  = 0.349227992176523 ;
 x19.L  = 0.274935701915379 ;
 x20.L  = 1.39691196870609 ;
 x21.L  = 12.4829545454545 ;
 x22.L  = 0.609848484848487 ;
 x23.L  = 0.320075757575757 ;
 x24.L  = 11.5871212121212 ;
 x25.L  = 0.108455898191441 ;
 x26.L  = 0.757575757575786 ;
 ;
 b28.L  = 1 ;
 b28.M  = 9.23718454088807 ;
 b29.L  = 1 ;
 b29.M  = 2 ;
 objvar.L  = -510.080984353056 ;

$offEmpty
$onListing
