$onEmpty
 b1.L  = 1 ;
 b1.M  = 538515.031692 ;
 b2.M  = -58925.4121101 ;
 b3.L  = 1 ;
 b3.M  = 7903.4523483 ;
 b4.L  = 1 ;
$offListing
 b4.M  = 139833.34263 ;
 b5.M  = -60212.7725557 ;
 ;
 ;
 x8.L  = 10 ;
 x9.L  = 14.7620815993 ;
 x10.L  = 76.4531042688 ;
 x11.L  = 72 ;
 x12.L  = 3.39330890802 ;
 x13.L  = 30 ;
 x14.L  = 227.392304148 ;
 x15.L  = 270 ;
 x16.L  = 0.01 ;
 x16.M  = Eps ;
 x17.L  = 1620 ;
 ;
 x19.L  = 57.2342048155 ;
 x20.L  = 302.765795185 ;
 ;
 ;
 x23.M  = 95.7482115253 ;
 x24.L  = 440 ;
 x25.L  = 363.762081599 ;
 x26.L  = 350 ;
 x27.L  = 430 ;
 x28.L  = 349 ;
 x29.L  = 349 ;
 x30.L  = 368 ;
 x31.L  = 360.368772691 ;
 x32.L  = 320 ;
 objvar.L  = 64868.0768373 ;
 e1.M  = 49.352469102 ;
 e2.M  = 124.074074074 ;
 e3.M  = 41.7161535758 ;
 e4.M  = 78.4875318807 ;
 ;
 e6.M  = 75.1203175485 ;
 e7.M  = 132.978757923 ;
 ;
 e9.M  = 75.9409191847 ;
 e10.M  = -3235.64931409 ;
 e11.M  = 2659.57515846 ;
 e12.M  = 666.166713148 ;
 ;
 ;
 ;
 ;
 ;
 ;
 e19.M  = -4.39135542101 ;
 ;
 e21.M  = -0.868968232197 ;
 ;
 e23.M  = -40.4477852531 ;
 ;
 ;
 e26.M  = -33.7438245231 ;
 e27.M  = -4.07407407407 ;
 e28.M  = -18.3333333333 ;
 e29.M  = -1502.40635097 ;
 ;
 e31.M  = -6.51726174148 ;
 e32.M  = -569.556893886 ;
 e33.M  = -1157.16880749 ;
 e34.M  = Eps ;
 ;
 e36.M  = -96.6098192622 ;
 e37.M  = Eps ;
 e38.M  = Eps ;
 ;
 e40.M  = 1 ;

$offEmpty
$onListing
