$onEmpty
 i1.L  = 18 ;
 i1.M  = 82.9823909912 ;
 i2.L  = 10 ;
 i2.M  = 377.59517034 ;
 x3.L  = 58.2901554404 ;
 x4.L  = 43.6926544452 ;
$offListing
 objvar.L  = 7197.72714852 ;
 e1.M  = -3170.27764323 ;
 ;
 e3.M  = 0.00419844308239 ;
 e4.M  = 1 ;

$offEmpty
$onListing
