$onEmpty
 x1.L  = 0.2 ;
 x2.L  = 0.8 ;
 x3.L  = 1.90787840283 ;
 x4.L  = 1 ;
 x5.L  = 1 ;
 ;
 x7.L  = 1 ;
$offListing
 b8.L  = 1 ;
 b9.L  = 1 ;
 b10.M  = -2 ;
 b11.L  = 1 ;
 objvar.L  = 4.57958240244 ;
 ;
 ;
 e3.M  = -1.1 ;
 e4.M  = -2.4 ;
 ;
 e6.M  = -0.5 ;
 ;
 ;
 e9.M  = -0.572427255083 ;
 e10.M  = Eps ;
 e11.M  = -0.855145489834 ;
 e12.M  = -2 ;
 e13.M  = -0.5 ;
 e14.M  = 1 ;

$offEmpty
$onListing
