$onEmpty
 x1.L  = 0.97 ;
 x2.L  = 0.992500000002 ;
 x3.L  = 0.98 ;
 b4.M  = -0.0499765503309 ;
 b5.L  = 1 ;
 b5.M  = -0.0412253497692 ;
$offListing
 b6.L  = 1 ;
 b6.M  = -0.0438825250056 ;
 b7.L  = 1 ;
 b7.M  = -0.00414634184811 ;
 ;
 b9.L  = 1 ;
 b10.L  = 1 ;
 b11.M  = -0.0426963290524 ;
 objvar.L  = -0.943470500002 ;
 e1.M  = 1 ;
 e2.M  = -0.0291795000001 ;
 e3.M  = -0.00712949999803 ;
 e4.M  = -0.0192545 ;
 ;
 ;
 ;
 e8.M  = -0.00573724379676 ;

$offEmpty
$onListing
