$onEmpty
 i1.M  = 0.252555462931 ;
 i2.M  = 0.483060577665 ;
 i3.M  = 0.669839718566 ;
 i4.M  = 0.802883116278 ;
 i5.L  = 1 ;
 i6.M  = 0.0395554105407 ;
$offListing
 i7.M  = -0.15523225114 ;
 i8.M  = -0.482172684883 ;
 i9.M  = -0.75146932247 ;
 i10.M  = -0.414059266588 ;
 i11.M  = 0.583045927394 ;
 i12.M  = 0.401116639487 ;
 i13.M  = 0.0314219509447 ;
 i14.M  = 0.426937583251 ;
 i15.M  = 0.382904539042 ;
 i16.M  = 0.933576052476 ;
 i17.L  = 1 ;
 i18.M  = 0.0926882603775 ;
 i19.M  = 0.203526032225 ;
 x20.L  = 261.73 ;
 x21.L  = 438.040843957 ;
 x22.L  = 69.560330022 ;
 x23.L  = 14.7 ;
 x24.L  = 21.514 ;
 x25.L  = 21.0269870651 ;
 x26.L  = 1.50607758123 ;
 x27.L  = 6.26543124699 ;
 x28.L  = 0.0216513863685 ;
 x29.L  = 0.090071902261 ;
 x30.L  = 0.621037977971 ;
 x31.L  = 0.722489704706 ;
 x32.L  = 0.59750136 ;
 x33.L  = 6.2974546787 ;
 x34.L  = 3.38347787954 ;
 x35.L  = 0.452521528227 ;
 objvar.L  = -1.43040728334 ;
 e1.M  = 0.00340339435665 ;
 e2.M  = -0.000191475254029 ;
 e3.M  = Eps ;
 e4.M  = -0.0973066179141 ;
 e5.M  = 0.066487277277 ;
 e6.M  = -1.35045119076 ;
 e7.M  = 1.43432517263 ;
 e8.M  = Eps ;
 e9.M  = Eps ;
 e10.M  = Eps ;
 e11.M  = Eps ;
 e12.M  = Eps ;
 e13.M  = Eps ;
 e14.M  = Eps ;
 e15.M  = Eps ;
 e16.M  = -0.0680272108844 ;
 e17.M  = 0.367570221475 ;
 ;
 e19.M  = 1 ;

$offEmpty
$onListing
