$onEmpty
 i1.L  = 12 ;
 i2.M  = 0.2318 ;
 i3.M  = 0.05234 ;
 i4.M  = 0.17242 ;
 i5.L  = 6 ;
 i6.M  = 0.4021 ;
$offListing
 i7.L  = 29 ;
 i8.L  = 29 ;
 i9.M  = 0.26358 ;
 i10.L  = 20 ;
 objvar.L  = -12.8116 ;
 ;
 ;
 ;
 e4.M  = -0.00902 ;
 ;
 e6.M  = 1 ;

$offEmpty
$onListing
