$onEmpty
 e1.M  = 54.3628781815981 ;
 e2.M  = -6.49374156095196 ;
 ;
 e4.M  = -23.8524622089053 ;
 e5.M  = -19.3879237320205 ;
 e6.M  = -35.4821502915913 ;
 ;
 e8.M  = 17.6084333327858 ;
$offListing
 e9.M  = -70.0477381691061 ;
 e10.M  = -2.44746673011226 ;
 e11.M  = -56.2310844118816 ;
 e12.M  = -14.6637822323615 ;
 e13.M  = -84.05796817271 ;
 e14.M  = -56.2310844118816 ;
 ;
 ;
 ;
 ;
 ;
 ;
 ;
 ;
 ;
 ;
 ;
 ;
 ;
 ;
 e29.M  = 736.030541283688 ;
 e30.M  = Eps ;
 e31.M  = -174.52213454177 ;
 e32.M  = 67.1543199596108 ;
 ;
 e34.M  = -3.59545260197575 ;
 ;
 e36.M  = -15.8262607591653 ;
 e37.M  = -46.7657912616993 ;
 ;
 e39.M  = -37.0181344889126 ;
 e40.M  = -19.3531867616654 ;
 ;
 e42.M  = -2.82051282051282 ;
 ;
 ;
 e45.M  = -192.401759467707 ;
 ;
 e47.M  = Eps ;
 e48.M  = -71.611370018699 ;
 e49.M  = Eps ;
 e50.M  = -477.049244178107 ;
 e51.M  = Eps ;
 e52.M  = Eps ;
 e53.M  = -536.954827406801 ;
 e54.M  = Eps ;
 ;
 e56.M  = -123.474849061089 ;
 ;
 e58.M  = -211.234135493454 ;
 ;
 e60.M  = Eps ;
 e61.M  = -5.46697264959687 ;
 e62.M  = -21.3596261602664 ;
 e63.M  = -17.7516905863508 ;
 e64.M  = Eps ;
 e65.M  = 1 ;
 b1.L  = 1 ;
 b1.M  = 209719.844324862 ;
 b2.M  = -4567.2672855321 ;
 b3.M  = 5500 ;
 b4.L  = 1 ;
 b5.M  = -162856.848542117 ;
 b6.L  = 1 ;
 b6.M  = 198219.346308037 ;
 b7.M  = -66685.3622533795 ;
 b8.M  = -32238.7141852475 ;
 b9.L  = 1 ;
 b9.M  = 5500 ;
 b10.L  = 1 ;
 b10.M  = 5500 ;
 b11.L  = 1 ;
 b11.M  = 5500 ;
 ;
 x13.L  = 650 ;
 x14.L  = 581.770137609681 ;
 x15.L  = 386.770137609682 ;
 x16.L  = 590 ;
 x17.L  = 590 ;
 x18.L  = 468.672396792739 ;
 x19.L  = 617.256712536561 ;
 x20.L  = 571.770137609681 ;
 x21.L  = 410 ;
 x22.L  = 500 ;
 x23.L  = 500 ;
 x23.M  = -468.763558315062 ;
 x24.L  = 350 ;
 x25.L  = 682.298623903185 ;
 ;
 x27.M  = 29995.6190569812 ;
 ;
 x29.L  = 1949.99999999999 ;
 x30.M  = 29995.6190569812 ;
 ;
 x32.L  = 2426.55206414522 ;
 x33.M  = 29995.6190569812 ;
 ;
 ;
 x36.M  = 29995.6190569812 ;
 x37.L  = 167.701376096821 ;
 x38.L  = 1973.44793585478 ;
 x39.L  = 491.149311951593 ;
 x40.M  = 27.5894803395481 ;
 x41.L  = 32.7432874634393 ;
 x42.L  = 10 ;
 x42.M  = 96.7763585825968 ;
 x43.L  = 183.088806123543 ;
 x44.L  = 280 ;
 x45.L  = 81.7701376096819 ;
 x46.L  = 36.7701376096819 ;
 x47.L  = 118.576620796773 ;
 x48.L  = 18.2298623903185 ;
 x48.M  = Eps ;
 x49.L  = 58.6723967927389 ;
 x50.L  = 195.196112291524 ;
 x51.L  = 179.001618542822 ;
 x52.L  = 207.674015335551 ;
 x53.L  = 66.7701376096821 ;
 x54.L  = 148.672396792735 ;
 x55.L  = 62.7432874634389 ;
 x56.L  = 180 ;
 objvar.L  = 154997.334865993 ;

$offEmpty
$onListing
