$onEmpty
 ;
 e2.M  = -37.0000000080943 ;
 ;
 ;
 ;
 e6.M  = -0.6 ;
 ;
 e8.M  = -28.0000000080991 ;
 e9.M  = -37.2000000060743 ;
 ;
 e11.M  = -25.3333333387327 ;
 ;
 e13.M  = 8 ;
 ;
$offListing
 e15.M  = 1 ;
 ;
 x2.L  = 2 ;
 x2.M  = -38.5879296722519 ;
 x3.L  = 1.07838827857616 ;
 x4.L  = 0.652014651779925 ;
 x5.L  = 0.326007325889962 ;
 x6.L  = 1.07838827857616 ;
 x6.M  = 1.01238413208193E-8 ;
 b7.M  = -373.000000080943 ;
 b8.L  = 1 ;
 b9.L  = 1 ;
 b9.M  = 6 ;
 b10.L  = 1 ;
 b10.M  = 10 ;
 ;
 objvar.L  = 73.0353125250715 ;

$offEmpty
$onListing
