$onEmpty
 i1.L  = 2 ;
 i2.L  = 24 ;
 x3.L  = 0.5235988 ;
 x4.L  = 6 ;
 i5.L  = 5 ;
 x6.L  = 0.9659258 ;
$offListing
 x7.L  = 0.7071068 ;
 x8.L  = 0.258819 ;
 x9.L  = 0.9659258 ;
 x10.L  = -0.7071068 ;
 x11.L  = 0.258819 ;
 objvar.L  = 0.2544873 ;
 x13.L  = -0.5 ;
 x14.L  = 0.0669873 ;
 x15.L  = 0.9330127 ;
 e1.M  = 0.03637851 ;
 e2.M  = -0.8337341 ;
 e3.M  = 0.07275703 ;
 e4.M  = 0.4365422 ;
 e5.M  = Eps ;
 e6.M  = Eps ;
 e7.M  = Eps ;
 e8.M  = 0.5 ;
 e9.M  = -0.7071068 ;
 e10.M  = -1 ;
 e11.M  = 0.01794919 ;
 e12.M  = 0.03467518 ;
 e13.M  = 0.1339746 ;
 e14.M  = 1 ;

$offEmpty
$onListing
