$onEmpty
 ;
 ;
 e3.M  = 89316.5805261473 ;
 e4.M  = 22009.3864686536 ;
 e5.M  = 56142.6214917251 ;
 ;
 ;
 e8.M  = 89316.5805261473 ;
 ;
 ;
 e11.M  = 78152.0079603787 ;
 ;
 e13.M  = -27.911431414421 ;
$offListing
 e14.M  = 36682.3107810894 ;
 e15.M  = -73897.5526669841 ;
 e16.M  = Eps ;
 e17.M  = 25426.2402943358 ;
 e18.M  = Eps ;
 ;
 e20.M  = 1 ;
 b1.M  = -25426.2402943358 ;
 ;
 b3.L  = 1 ;
 b3.M  = Eps ;
 b4.L  = 1 ;
 b5.L  = 1 ;
 b5.M  = -51221.8802814001 ;
 b6.M  = Eps ;
 b7.M  = 14873.3971065117 ;
 b8.M  = -81184.7594624476 ;
 ;
 x10.L  = 7.15906970726304 ;
 x11.L  = 7.5645348153712 ;
 x12.L  = 7.82404601085629 ;
 x12.M  = -67011.9942177044 ;
 x13.L  = 6.4377516497364 ;
 x14.L  = 5.77277534614315 ;
 x15.L  = 2.30258509299405 ;
 x16.L  = 1.79175946922805 ;
 x17.L  = 0.693147180559945 ;
 x18.L  = 0.693147180559945 ;
 x19.M  = 37174.3105140714 ;
 objvar.L  = 167427.657114703 ;

$offEmpty
$onListing
