$onEmpty
 e1.M  = -0.00214267675405579 ;
 e2.M  = 1.42308387296453E-12 ;
 e3.M  = -0.0940780638787004 ;
 e4.M  = -0.0649623679608073 ;
 ;
 ;
 ;
 e8.M  = -5.11947487650852 ;
 e9.M  = Eps ;
$offListing
 e10.M  = 0.587206828453077 ;
 e11.M  = 76.7921231476278 ;
 e12.M  = Eps ;
 e13.M  = -0.587206828453077 ;
 e14.M  = 113.362155097365 ;
 e15.M  = 113.362155097365 ;
 e16.M  = 113.362155097365 ;
 e17.M  = -113.362155097365 ;
 ;
 ;
 ;
 ;
 e22.M  = 73.2688822189614 ;
 ;
 x1.L  = 148.410726076138 ;
 x2.L  = 140.011786393884 ;
 x3.L  = 127.283442176258 ;
 x4.L  = 15 ;
 x5.L  = 1 ;
 x6.L  = 6 ;
 x7.L  = 29586.8597727813 ;
 x7.M  = -1.42308387296453E-12 ;
 x8.M  = 0.0940780638787004 ;
 x9.M  = 0.0649623679608073 ;
 x10.L  = 178.410726076138 ;
 x11.L  = 143.011786393884 ;
 x12.L  = 145.283442176258 ;
 x13.L  = 466.705954646281 ;
 b14.M  = 76.7409283988627 ;
 b15.M  = 71.6726482711193 ;
 b16.M  = 66.5531733946108 ;
 b17.M  = 61.4336985181022 ;
 b18.M  = 56.3142236415937 ;
 b19.M  = 51.1947487650852 ;
 b20.M  = 46.0752738885767 ;
 b21.M  = 40.9557990120682 ;
 b22.M  = 35.8363241355596 ;
 b23.M  = 30.7168492590511 ;
 b24.M  = 25.5973743825426 ;
 b25.M  = 20.4778995060341 ;
 b26.M  = 15.3584246295256 ;
 b27.M  = 10.238949753017 ;
 b28.M  = 5.11947487650852 ;
 b29.L  = 1 ;
 b30.M  = -5.11947487650852 ;
 b31.M  = -10.238949753017 ;
 b32.M  = -15.3584246295256 ;
 b33.M  = -20.4778995060341 ;
 b34.M  = -25.5973743825426 ;
 b35.L  = 3.19910985666745E-7 ;
 b36.L  = 0.999999659569709 ;
 b37.M  = Eps ;
 b38.M  = Eps ;
 b39.M  = Eps ;
 b40.M  = Eps ;
 b41.M  = Eps ;
 b42.M  = Eps ;
 b43.M  = Eps ;
 b44.M  = Eps ;
 b45.M  = Eps ;
 b46.M  = Eps ;
 b47.M  = Eps ;
 b48.M  = Eps ;
 b49.M  = Eps ;
 b50.M  = Eps ;
 b51.M  = Eps ;
 b52.M  = Eps ;
 b53.M  = Eps ;
 b54.M  = Eps ;
 b55.M  = Eps ;
 b56.M  = -0.581334760168546 ;
 ;
 b58.M  = 0.587206828453077 ;
 b59.M  = 1.17441365690615 ;
 b60.M  = 1.76162048535923 ;
 b61.M  = 2.34882731381231 ;
 b62.L  = 1 ;
 b62.M  = 2.93603414226538 ;
 b63.M  = 3.52324097071846 ;
 b64.M  = 4.11044779917154 ;
 b65.M  = 4.69765462762462 ;
 b66.M  = 5.28486145607769 ;
 b67.M  = 5.87206828453077 ;
 b68.M  = 6.45927511298385 ;
 b69.M  = 7.04648194143692 ;
 b70.M  = 7.63368876989 ;
 b71.M  = 8.22089559834308 ;
 b72.M  = 8.80810242679615 ;
 b73.M  = 9.39530925524923 ;
 b74.M  = 9.98251608370231 ;
 b75.M  = 10.5697229121554 ;
 b76.M  = 11.1569297406085 ;
 objvar.L  = -30639.2578450035 ;

$offEmpty
$onListing
