$onEmpty
 x1.L  = 0.97 ;
 x2.L  = 0.9925 ;
 x3.L  = 0.98 ;
 b4.M  = 0.01406794 ;
 b5.L  = 1 ;
 b5.M  = -0.01987719 ;
$offListing
 b6.L  = 1 ;
 b6.M  = -0.001186196 ;
 b7.L  = 1 ;
 b7.M  = 0.05989815 ;
 b8.M  = 0.04269633 ;
 b9.L  = 1 ;
 b10.L  = 1 ;
 ;
 objvar.L  = -0.9434705 ;
 e1.M  = 1 ;
 e2.M  = -0.0291795 ;
 e3.M  = -0.0071295 ;
 e4.M  = -0.0192545 ;
 ;
 ;
 ;
 e8.M  = -0.02708541 ;

$offEmpty
$onListing
