$onEmpty
 e1.M  = -0.0352911866431973 ;
 ;
 ;
 ;
 ;
 ;
 ;
 ;
 ;
 ;
 ;
 ;
 ;
 ;
 ;
 ;
 ;
 ;
 ;
 ;
 ;
 ;
 ;
 ;
 ;
 ;
 ;
 e28.M  = 0.893985462398949 ;
 ;
 e30.M  = 2.02003583420671 ;
 e31.M  = 1 ;
 b1.L  = 1 ;
 b1.M  = 34.2911866431973 ;
$offListing
 b2.M  = -0.2 ;
 b3.M  = -1 ;
 b4.M  = -0.2 ;
 b5.M  = -0.9 ;
 b6.L  = 1 ;
 b6.M  = -0.9 ;
 b7.M  = -0.1 ;
 b8.L  = 1 ;
 b8.M  = -0.8 ;
 b9.M  = -1 ;
 b10.M  = -0.4 ;
 b11.M  = -1 ;
 b12.M  = -0.3 ;
 b13.M  = -0.1 ;
 b14.M  = -0.3 ;
 b15.L  = 1 ;
 b15.M  = -0.5 ;
 b16.M  = -0.9 ;
 b17.L  = 1 ;
 b17.M  = -0.8 ;
 b18.M  = -0.1 ;
 b19.M  = -0.9 ;
 b20.L  = 1 ;
 b20.M  = -1 ;
 b21.M  = -1 ;
 b22.M  = -1 ;
 b23.M  = -0.2 ;
 b24.M  = -0.7 ;
 b25.L  = 1 ;
 b25.M  = -0.7 ;
 x26.L  = 2 ;
 x26.M  = 1.33039147638984 ;
 x27.L  = 7.79237254882921 ;
 x28.L  = 6.05561718006035 ;
 x29.L  = 3.57324463123114 ;
 x30.L  = 4 ;
 x30.M  = 0.259182897332212 ;
 objvar.L  = -8.06413616451425 ;
 x32.M  = 999.964708813357 ;
 x33.M  = 1000 ;
 x34.M  = 1000 ;
 x35.M  = 999.106014537601 ;
 x36.M  = 1000 ;
 x37.M  = 1002.02003583421 ;

$offEmpty
$onListing
