$onEmpty
 e1.M  = 1 ;
 ;
 e3.M  = -70.6802000001771 ;
 ;
 ;
 ;
 e7.M  = -32.2927000001073 ;
 ;
 e9.M  = 907989.478825164 ;
 e10.M  = 908073.636125164 ;
 e11.M  = 907967.224125164 ;
$offListing
 e12.M  = 907964.640425164 ;
 e13.M  = 908029.846925164 ;
 e14.M  = 2605888.91609922 ;
 e15.M  = 2605812.54589922 ;
 e16.M  = 2605785.28579922 ;
 e17.M  = 2605827.24729922 ;
 e18.M  = 2605812.20379922 ;
 e19.M  = -789817.716448891 ;
 e20.M  = 3259000.483325 ;
 e21.M  = 3259116.456025 ;
 e22.M  = 3259004.660625 ;
 e23.M  = -1442963.80037467 ;
 e24.M  = 3259068.516625 ;
 e25.M  = -1443074.02927467 ;
 ;
 ;
 ;
 ;
 ;
 ;
 e32.M  = 391087016.360999 ;
 e33.M  = 108962451.61502 ;
 e34.M  = 108959669.24102 ;
 x1.M  = 908064.003125164 ;
 x2.M  = 128.486400000169 ;
 x3.M  = 17.8699999999953 ;
 x4.M  = 86.1738000002224 ;
 x5.M  = 147.175700000022 ;
 ;
 x7.M  = 120.220999999903 ;
 x8.M  = 174.931400000583 ;
 x9.M  = 40.0888999998569 ;
 x10.M  = 141.774000000209 ;
 x11.M  = 204.883300000336 ;
 x12.M  = 3395798.19874811 ;
 x13.L  = 60 ;
 x14.L  = 60 ;
 ;
 x16.M  = 4702193.44719966 ;
 x17.M  = 130.259999999776 ;
 x18.M  = 4702393.74809966 ;
 x19.M  = 908114.139125164 ;
 ;
 ;
 ;
 x23.M  = 79.3675999999978 ;
 x24.M  = 170.781199999852 ;
 ;
 ;
 x27.L  = 60 ;
 x28.L  = 60 ;
 ;
 x30.M  = 3395847.29054811 ;
 x31.M  = 255.910300000105 ;
 x32.M  = 9.87559999991208 ;
 x33.M  = 0.180000000167638 ;
 x34.M  = 4702147.64999966 ;
 ;
 x36.M  = 4702184.13789966 ;
 x37.M  = 908206.047125164 ;
 x38.M  = 164.290000000037 ;
 x39.M  = 17.905999999959 ;
 x40.M  = 265.128700000118 ;
 x41.L  = 60 ;
 x42.L  = 60 ;
 x43.M  = 174.930999999866 ;
 x44.M  = 124.182900000364 ;
 x45.M  = 265.066299999598 ;
 ;
 x47.M  = 216.316300000064 ;
 x48.M  = 3395681.48764811 ;
 x49.M  = 190.911300000269 ;
 x50.M  = 70.1582999997772 ;
 x51.M  = 280.245000000112 ;
 x52.M  = 4702137.31569966 ;
 x53.M  = 143.026000000071 ;
 x54.M  = 4702374.37459966 ;
 b55.M  = -336607647.63149 ;
 ;
 b57.L  = 1 ;
 b58.M  = -78384928.6410931 ;
 b59.L  = 1 ;
 b59.M  = 203734300.370887 ;
 ;
 b61.L  = 1 ;
 ;
 ;
 b64.L  = 1 ;
 b64.M  = 2481400 ;
 b65.L  = 1 ;
 b65.M  = 2156460 ;
 b66.L  = 1 ;
 b66.M  = 2097730 ;
 objvar.L  = 331837498.17677 ;

$offEmpty
$onListing
