$onEmpty
 b1.M  = 3.93753226077793 ;
 b2.L  = 1 ;
 b2.M  = 4.29553907605836 ;
 b3.M  = 3.97273818891076 ;
 b4.M  = 0.184823289802639 ;
 b5.L  = 1 ;
$offListing
 b5.M  = 0.206593256399701 ;
 b6.M  = 0.200452923690426 ;
 b7.L  = 1 ;
 b7.M  = 1.59623693126282 ;
 b8.M  = 1.78691103689083 ;
 b9.M  = 1.37354668369868 ;
 b10.M  = 0.0398827151223183 ;
 b11.L  = 1 ;
 b11.M  = 0.0404723485781867 ;
 b12.M  = 0.0392527276271686 ;
 b13.L  = 1 ;
 b13.M  = 5.6878381680901 ;
 b14.M  = 6.07765230433158 ;
 b15.M  = 10.1265817973461 ;
 b16.L  = 1 ;
 b16.M  = 2.08306637449182 ;
 b17.M  = 2.1251037973023 ;
 b18.M  = 3.54084708266301 ;
 x19.L  = 0.825422436945766 ;
 x20.L  = 1.35903411499234 ;
 x21.L  = 0.435319463128182 ;
 x21.M  = Eps ;
 x22.L  = 0.8 ;
 x22.M  = -0.284062109662986 ;
 x23.L  = 11 ;
 x24.L  = 9.11938073719772 ;
 x25.L  = 0.32 ;
 x26.L  = 39.7612169063828 ;
 x27.L  = 5.28576492356709 ;
 x28.L  = 59.9576031867681 ;
 x29.L  = 5.6878381680901 ;
 x30.L  = 55.6865413368536 ;
 x31.L  = 0.340661743058293 ;
 x32.L  = 0.169910470836882 ;
 x33.L  = 11.1149706345367 ;
 x34.L  = 0.691715806214223 ;
 x35.L  = 16.5719690814356 ;
 x36.L  = 0.80757391843423 ;
 x37.L  = 0.747416558192667 ;
 x38.L  = 1.40109955275767 ;
 x39.L  = 0.268653070524609 ;
 x40.L  = 0.8 ;
 x40.M  = -0.0552207672465192 ;
 x41.L  = 11 ;
 x42.L  = 10.2699557722783 ;
 x43.L  = 0.32 ;
 x44.L  = 24.8161387260897 ;
 x45.L  = 5.34562711841312 ;
 x46.L  = 60.6979581825598 ;
 x47.L  = 2.08306637449182 ;
 x48.L  = 109.690286873699 ;
 x49.L  = 0.330641609491673 ;
 x50.L  = 0.163855922135865 ;
 x51.L  = 5.67185126064584 ;
 x52.L  = 0.52022288448543 ;
 x53.L  = 28.2054652104245 ;
 x54.L  = 0.961081440728013 ;
 x55.L  = 86.9044084899917 ;
 x56.L  = 24.5699839770307 ;
 x57.L  = 0.923612481705207 ;
 objvar.L  = 7.77090454258192 ;
 e1.M  = -0.00571536047967156 ;
 e2.M  = -0.671164182507209 ;
 e3.M  = -0.0133576065467248 ;
 e4.M  = 0.00243719679291691 ;
 e5.M  = Eps ;
 e6.M  = -2.88174091500931 ;
 e7.M  = -0.00243719679291691 ;
 ;
 e9.M  = 2.88174091500931 ;
 e10.M  = -0.00178015662649289 ;
 e11.M  = -0.0633185270139075 ;
 e12.M  = -0.020813773159994 ;
 e13.M  = 0.00138444615647308 ;
 e14.M  = Eps ;
 e15.M  = -1.75633504457006 ;
 e16.M  = -0.00138444615647308 ;
 ;
 e18.M  = 1.75633504457006 ;
 e19.M  = -0.0218450132317329 ;
 e20.M  = 0.868584309429732 ;
 e21.M  = 0.326192386922549 ;
 e22.M  = 0.017642833547563 ;
 e23.M  = Eps ;
 e24.M  = -0.00399701787393136 ;
 e25.M  = 0.222580101060822 ;
 e26.M  = Eps ;
 e27.M  = Eps ;
 e28.M  = 0.0192922160595983 ;
 e29.M  = 0.0561367568141649 ;
 e30.M  = Eps ;
 e31.M  = -0.00124264238619032 ;
 e32.M  = 0.136305799822634 ;
 ;
 ;
 ;
 ;
 ;
 ;
 ;
 ;
 e41.M  = Eps ;
 ;
 ;
 ;
 ;
 ;
 ;
 ;
 ;
 ;
 ;
 e52.M  = Eps ;
 ;
 ;
 ;
 ;
 e57.M  = 1 ;
 ;
 e59.M  = 1 ;
 ;
 e61.M  = 1 ;
 e62.M  = 0.00642956926215144 ;
 e63.M  = -0.558757902448331 ;

$offEmpty
$onListing
