$onEmpty
 e1.M  = -47.915212445815 ;
 e2.M  = -187.933333333333 ;
 ;
 e4.M  = 96.1015306266513 ;
 e5.M  = 109.2 ;
 e6.M  = Eps ;
 e7.M  = -4.14032077893198 ;
$offListing
 e8.M  = Eps ;
 e9.M  = -300.544 ;
 e10.M  = -300.544 ;
 e11.M  = -300.544 ;
 e12.M  = -2.66666666666667 ;
 e13.M  = -2.66666666666667 ;
 e14.M  = -5.33333333333333 ;
 ;
 ;
 ;
 e18.M  = -3.98954140191354 ;
 e19.M  = -1.33333333333333 ;
 ;
 e21.M  = -2.66666666666666 ;
 e22.M  = -2.66666666666666 ;
 ;
 ;
 ;
 ;
 e27.M  = -27.2999999999997 ;
 e28.M  = -121.266666666666 ;
 e29.M  = Eps ;
 e30.M  = -54.5999999999997 ;
 e31.M  = -54.5999999999997 ;
 e32.M  = Eps ;
 ;
 ;
 ;
 ;
 ;
 ;
 e39.M  = 4839.81318568373 ;
 e40.M  = 4643.7434530971 ;
 ;
 e42.M  = 25.9957390449032 ;
 e43.M  = 22.4866755228829 ;
 e44.M  = Eps ;
 e45.M  = Eps ;
 e46.M  = -831.376412409541 ;
 e47.M  = Eps ;
 ;
 e49.M  = 4.14032077893198 ;
 ;
 ;
 ;
 ;
 ;
 ;
 ;
 e57.M  = 1.33333333333333 ;
 e58.M  = 1.33333333333333 ;
 e59.M  = 1.33333333333333 ;
 e60.M  = 1 ;
 e61.M  = 1 ;
 e62.M  = 1 ;
 e63.M  = 1 ;
 e64.M  = 1 ;
 e65.M  = 1 ;
 e66.M  = 1.33333333333333 ;
 e67.M  = 1.33333333333333 ;
 e68.M  = 1.33333333333333 ;
 e69.M  = 1 ;
 e70.M  = 1 ;
 e71.M  = 1 ;
 e72.M  = 1 ;
 e73.M  = 1 ;
 e74.M  = 1 ;
 e75.M  = -1 ;
 x1.L  = 254.001 ;
 x1.M  = -3.41443395470217 ;
 x2.L  = 200.801 ;
 x3.M  = Eps ;
 x4.L  = 1 ;
 ;
 ;
 x7.L  = 1 ;
 x8.M  = 93.9666666666665 ;
 ;
 x10.M  = Eps ;
 x11.M  = Eps ;
 x12.L  = 1 ;
 x13.M  = 86.0584693733482 ;
 x14.M  = 67.8184693733484 ;
 x15.M  = 49.5784693733484 ;
 x16.M  = 72.9599999999998 ;
 x17.M  = 148.686666666666 ;
 x18.M  = 36.48 ;
 x19.M  = Eps ;
 x20.M  = Eps ;
 x21.M  = Eps ;
 x22.L  = 16.4668507296227 ;
 x23.M  = 79.1255414019135 ;
 x24.M  = 152.938666666667 ;
 x25.L  = 15.8144679417892 ;
 x26.M  = 76.4693333333333 ;
 x27.M  = 152.938666666667 ;
 ;
 x29.M  = 75.136 ;
 x30.M  = 150.272 ;
 x31.L  = 9.74840214183869 ;
 x32.M  = 2.65620806858021 ;
 ;
 x34.L  = 8.43250332108109 ;
 ;
 ;
 x37.M  = 2.66666666666666 ;
 x38.M  = 1.33333333333333 ;
 ;
 x40.L  = 1 ;
 x41.L  = 1 ;
 x42.M  = 54.6 ;
 x43.L  = 1 ;
 x44.L  = 1 ;
 ;
 ;
 ;
 x48.L  = 1 ;
 b49.M  = Eps ;
 b50.M  = 831.376412409541 ;
 b51.L  = 1 ;
 b51.M  = Eps ;
 b52.L  = 1 ;
 b52.M  = -4839.81318568373 ;
 b53.L  = 1 ;
 b53.M  = -4643.7434530971 ;
 b54.M  = Eps ;
 b55.L  = 1 ;
 b55.M  = -25.9957390449032 ;
 b56.L  = 1 ;
 b56.M  = -22.4866755228829 ;
 b57.M  = Eps ;
 b58.L  = 1 ;
 b58.M  = 281.278747258345 ;
 b59.L  = 1 ;
 b59.M  = 187.933333333333 ;
 b60.M  = Eps ;
 ;
 ;
 ;
 ;
 ;
 b66.L  = 1 ;
 x67.L  = 81.9 ;
 ;
 ;
 x70.L  = 81.9 ;
 ;
 ;
 ;
 ;
 ;
 ;
 ;
 ;
 ;
 ;
 ;
 ;
 ;
 ;
 x85.L  = 254 ;
 x85.M  = -4.14032077893198 ;
 x86.L  = 200.8 ;
 x87.L  = 110.401213968514 ;
 objvar.L  = -9532.03905334862 ;

$offEmpty
$onListing
