$onEmpty
 objvar.L  = 3.44550379433 ;
 x2.L  = 4.28571428571 ;
 i3.L  = 4 ;
 e1.M  = -0.857743983129 ;
 ;
 e3.M  = -1 ;

$offEmpty
