$onEmpty
 i1.L  = 15 ;
 i2.L  = 4 ;
 i3.L  = 2 ;
 i4.L  = 5 ;
 i5.L  = 2 ;
 i6.L  = 7 ;
$offListing
 objvar.L  = 112235 ;
 e1.M  = 1 ;
 ;
 ;
 e4.M  = -435 ;
 e5.M  = -7 ;
 e6.M  = -3973.83333333 ;
 e7.M  = -4.33333333333 ;
 e8.M  = -1.33333333333 ;
 ;

$offEmpty
$onListing
