$onEmpty
 x1.L  = 1.223041 ;
 x2.L  = 0.283 ;
 x3.L  = 0.001785714 ;
 x3.M  = 157.9659 ;
 i4.L  = 9 ;
 x5.L  = 4.3217 ;
$offListing
 x6.L  = 1.368093 ;
 b7.M  = -0.179416 ;
 ;
 b9.M  = 0.1893836 ;
 b10.M  = 0.3787672 ;
 b11.L  = 1 ;
 b11.M  = 0.5781184 ;
 b12.M  = 0.8173398 ;
 b13.M  = 1.056561 ;
 b14.M  = 1.365555 ;
 b15.M  = 1.684517 ;
 b16.M  = 2.118106 ;
 b17.M  = 2.741078 ;
 objvar.L  = 0.8462457 ;
 e1.M  = 1 ;
 e2.M  = -0.1958132 ;
 e3.M  = Eps ;
 ;
 e5.M  = -157.9659 ;
 ;
 ;
 e8.M  = 9.967558 ;
 e9.M  = 2.242701 ;

$offEmpty
$onListing
