$onEmpty
 objvar.L  = 29.8943781591 ;
 x2.L  = 0.635521568635 ;
 x3.L  = 0.0126990526103601 ;
 x3.M  = 0.2433326266 ;
 x4.L  = 0.312701880752 ;
 x5.L  = 0.0517765506134 ;
$offListing
 x5.M  = 1 ;
 e1.M  = 1 ;
 e2.M  = 18.3712400439 ;
 e3.M  = 0.410541080859 ;
 e4.M  = 0.580355083451 ;

$offEmpty
$onListing
