$onEmpty
 x1.M  = 2591.44234405 ;
 x2.M  = 6105.30434783 ;
 x3.M  = 4909.60302457 ;
 x4.L  = 62.6086956522 ;
 x5.M  = 7085.93194707 ;
 x6.L  = 4.348 ;
$offListing
 x6.M  = 9687.23062382 ;
 x7.M  = 5928.10964083 ;
 x8.M  = 8008.98865784 ;
 x9.M  = 12501.9319471 ;
 x10.M  = 9945.23062382 ;
 x11.M  = 11894.0453686 ;
 x12.M  = 6326.42533081 ;
 x13.M  = 1188.66729679 ;
 x14.L  = 62.609 ;
 x14.M  = 1280.08695652 ;
 x15.M  = 4356.38563327 ;
 x16.L  = 4.34782608696 ;
 x17.M  = 2840.96597353 ;
 x18.M  = 7184.98298677 ;
 x19.M  = 4957.46502836 ;
 x20.M  = 9807.35160681 ;
 objvar.L  = 49318.0179584 ;
 e1.M  = 1 ;
 e2.M  = -1066.58034026 ;
 ;
 ;
 ;
 ;
 ;
 ;
 e9.M  = -588.701323251 ;
 ;
 ;

$offEmpty
$onListing
