$onEmpty
 x1.L  = 1 ;
 x1.M  = -66.8133499466 ;
 x2.L  = 0.907547169811 ;
 x3.M  = 22.9990744037 ;
 x4.L  = 1 ;
 x4.M  = -67.2988252047 ;
$offListing
 x5.L  = 0.715094339623 ;
 x6.L  = 1 ;
 x6.M  = -203.913029548 ;
 x7.M  = 87.2022071912 ;
 x8.L  = 0.916981132075 ;
 x9.L  = 1 ;
 x9.M  = -12.7756496974 ;
 x10.L  = 1 ;
 x10.M  = -93.7921324315 ;
 objvar.L  = -268.014631541 ;
 e1.M  = 1 ;
 ;
 ;
 e4.M  = -10.0744749021 ;
 e5.M  = -3.14506941972 ;
 e6.M  = -1.8433250267 ;
 ;
 ;
 ;
 ;
 ;
 ;

$offEmpty
$onListing
