$onEmpty
 x1.L  = 78 ;
 x1.M  = 48.9273489731 ;
 x2.L  = 33 ;
 x2.M  = 84.3234892478 ;
 x3.L  = 29.9952560257 ;
 x4.L  = 45 ;
$offListing
 x4.M  = -26.639198013 ;
 x5.L  = 36.7758129058 ;
 objvar.L  = -30665.5386718 ;
 e1.M  = 1 ;
 e2.M  = -403.268879537 ;
 ;
 ;
 ;
 ;
 e7.M  = -809.425033457 ;

$offEmpty
$onListing
