$onEmpty
 x1.L  = -1.19129981419 ;
 objvar.L  = -7.4873123647 ;
 e1.M  = 1 ;

$offEmpty
