$onEmpty
 x1.L  = 2.32952019748 ;
 x2.L  = 3.17849307412 ;
 objvar.L  = -5.5080132716 ;
 e1.M  = 1 ;
 e2.M  = -0.28760247262 ;
 e3.M  = -0.71239752738 ;

$offEmpty
