$onEmpty
 x1.L  = 190 ;
 x2.L  = 40 ;
 x3.L  = 140 ;
 x4.L  = 50 ;
 ;
 x6.L  = 10 ;
 x6.M  = -31.1499673464 ;
$offListing
 x7.M  = 907.873143756 ;
 x8.L  = 10 ;
 x9.L  = 10 ;
 x10.L  = 10 ;
 x11.L  = 10 ;
 x11.M  = -52.8669967408 ;
 ;
 x13.L  = 210 ;
 x14.L  = 150 ;
 x15.L  = 310 ;
 x16.L  = 210 ;
 objvar.L  = 4845.46200496 ;
 e1.M  = -321.72128182 ;
 e2.M  = 993.856994517 ;
 e3.M  = 1474.4660558 ;
 e4.M  = Eps ;
 e5.M  = Eps ;
 e6.M  = -4.48090475131 ;
 e7.M  = -7.68496515985 ;
 e8.M  = 0.840169640872 ;
 e9.M  = 5.36202136366 ;
 e10.M  = -8.40169640872 ;
 e11.M  = -36.4073511044 ;
 e12.M  = -8.81116612346 ;
 e13.M  = -23.2294379619 ;
 e14.M  = 1 ;

$offEmpty
$onListing
