$onEmpty
 x1.L  = 60.0600600601 ;
 ;
 x3.L  = 90.0900900901 ;
 x4.L  = 149.84984985 ;
 x5.L  = 20 ;
 x6.M  = 0.012972972973 ;
 x7.L  = 20 ;
$offListing
 x8.L  = 40 ;
 x9.L  = 40 ;
 ;
 x11.M  = 0.00648648648649 ;
 x12.L  = 20 ;
 x13.M  = 0.01949 ;
 x14.L  = 20 ;
 x15.M  = 0.043312972973 ;
 x16.L  = 20 ;
 x17.M  = 0.03034 ;
 x18.L  = 20 ;
 x19.L  = 0.5 ;
 x20.L  = 0.5 ;
 x21.M  = 0.214607807808 ;
 x22.L  = 1 ;
 objvar.L  = 1.86415945946 ;
 e1.M  = Eps ;
 e2.M  = Eps ;
 e3.M  = 0.00648648648649 ;
 e4.M  = 0.043312972973 ;
 e5.M  = Eps ;
 e6.M  = Eps ;
 e7.M  = 0.028142972973 ;
 e8.M  = -0.01517 ;
 e9.M  = -0.00224258258258 ;
 e10.M  = 0.043312972973 ;
 e11.M  = Eps ;
 e12.M  = -0.012972972973 ;
 e13.M  = 0.043312972973 ;
 e14.M  = -0.03034 ;
 e15.M  = -0.6068 ;
 e16.M  = Eps ;
 e17.M  = 1 ;

$offEmpty
$onListing
