$onEmpty
 x1.L  = 1026.94840555 ;
 x2.L  = 1000 ;
 x2.M  = 0.784319227131 ;
 x3.L  = 5485.28173895 ;
 x4.L  = 265.059714795 ;
 x5.L  = 280.588730442 ;
$offListing
 x6.L  = 134.940285205 ;
 x7.L  = 284.470984353 ;
 x8.L  = 380.588730442 ;
 objvar.L  = 7512.23014449 ;
 e1.M  = 1 ;
 e2.M  = -7.66721083243 ;
 e3.M  = -11.1111111111 ;
 e4.M  = -54.8528173895 ;
 e5.M  = -0.00746601366775 ;
 e6.M  = -0.0111111111111 ;
 e7.M  = -0.01 ;

$offEmpty
$onListing
