$onEmpty
 objvar.L  = -0.695357934624 ;
 x2.L  = 0.4999999 ;
 x3.L  = 1E-7 ;
 x3.M  = 24.4100405862 ;
 x4.L  = 0.250698611894 ;
 x5.L  = 0.249301388106 ;
$offListing
 e1.M  = 1 ;
 e2.M  = -0.813555059108 ;
 e3.M  = -0.808655692968 ;

$offEmpty
$onListing
