$onEmpty
 x1.L  = 2 ;
 x1.M  = -1.08494303399 ;
 x2.L  = 0.105783469451 ;
 objvar.L  = -2.02180678337 ;
 e1.M  = 1 ;

$offEmpty
