$onEmpty
 objvar.L  = -0.0107533428384 ;
 x2.L  = 0.533806021753 ;
 x3.L  = 0.466193978247 ;
 x4.L  = 0.153334781905 ;
 x5.L  = 0.621578841567 ;
 x6.L  = 0.0888266674373 ;
$offListing
 e1.M  = 1 ;
 e2.M  = -3.46770232085E-7 ;
 e3.M  = -4.57427801113 ;
 e4.M  = 22.4775875996 ;
 e5.M  = -1.75171759668 ;

$offEmpty
$onListing
