$onEmpty
 objvar.L  = -0.00413543015922 ;
 x2.L  = 0.0773226509689 ;
 x3.L  = 0.922677349031 ;
 x4.L  = 0.163998779099 ;
 x5.L  = 0.412168230394 ;
 x6.L  = 0.0766227290758 ;
$offListing
 e1.M  = 1 ;
 e2.M  = Eps ;
 e3.M  = -5.00329621856 ;
 e4.M  = 16.0030651765 ;
 e5.M  = -1.44166949349 ;

$offEmpty
$onListing
