$onEmpty
 objvar.L  = -0.00116737228492 ;
 x2.L  = 0.0968096564514 ;
 x3.L  = 0.245133826711 ;
 x4.L  = 0.658056516838 ;
 x5.L  = 0.305532786765 ;
 x6.L  = 0.670436883254 ;
$offListing
 x7.L  = 0.120322246647 ;
 e1.M  = 1 ;
 e2.M  = Eps ;
 e3.M  = -2.48672210313 ;
 e4.M  = 8.0843154986 ;
 e5.M  = -0.687429422104 ;

$offEmpty
$onListing
