$onEmpty
 x1.L  = 5.13014198162 ;
 x2.L  = -4.93527000643 ;
 x3.L  = 2.67072302098 ;
 x4.L  = -2.07027065374 ;
 x5.L  = 1.91095813188 ;
 x6.L  = -1.10377617834 ;
$offListing
 x7.L  = 1.54838400187 ;
 x8.L  = -0.580941742931 ;
 x9.L  = 1.33812237372 ;
 x10.L  = -0.228239590618 ;
 x11.L  = 1.20167049187 ;
 x12.L  = 0.0420174537872 ;
 x13.L  = 0.606297568055 ;
 x14.L  = 0.556760601804 ;
 x15.L  = 1.13180898899 ;
 x16.L  = 0.750199691809 ;
 x17.L  = 0.621898735576 ;
 objvar.L  = 0.2124598384 ;
 e1.M  = 1 ;
 e2.M  = -0.260283947679 ;
 e3.M  = 0.658553958037 ;
 e4.M  = 0.178083736238 ;
 e5.M  = -0.096768003731 ;
 e6.M  = -0.27624474744 ;
 e7.M  = -0.203340983741 ;
 e8.M  = -0.129459986209 ;
 e9.M  = 0.140541307484 ;
 e10.M  = 0.20755235669 ;
 e11.M  = 0.161883485862 ;
 e12.M  = 0.056479181236 ;
 e13.M  = -0.284034907574 ;

$offEmpty
$onListing
