$onEmpty
 x1.L  = 839.19650071 ;
 x2.L  = 955.803134781 ;
 x3.L  = 801.93500901 ;
 x4.L  = 1079.93320544 ;
 x5.L  = 734.194000205 ;
 x6.L  = 864.004862856 ;
$offListing
 x7.L  = 371.866260549 ;
 x8.L  = 570.207822045 ;
 x9.L  = 305.533025356 ;
 x10.L  = 767.148089904 ;
 x11.L  = 219.666261096 ;
 x12.L  = 452.365932063 ;
 x13.L  = 11.0627612588 ;
 x14.L  = 26.0109568257 ;
 x15.L  = 7.46803436667 ;
 x16.L  = 47.0812953475 ;
 x17.L  = 3.8602613011 ;
 x18.L  = 16.3707949193 ;
 x19.L  = 2178.17531493 ;
 x20.L  = 3163.93287556 ;
 x21.L  = 1848.49913602 ;
 x22.L  = 4142.72600682 ;
 x23.L  = 1421.74131765 ;
 x24.L  = 2578.25868235 ;
 x25.L  = 100000 ;
 x25.M  = -13.9522452792 ;
 x26.L  = 97861.8962209 ;
 x27.L  = 83894.7017141 ;
 x28.L  = 85712.7120819 ;
 x29.L  = 60000 ;
 x29.M  = 0.0888349328828 ;
 x30.L  = 66939.1041882 ;
 x31.L  = 60000 ;
 x31.M  = 13.8634103463 ;
 objvar.L  = 4366944.15976 ;
 e1.M  = 1 ;
 e2.M  = 884.753504828 ;
 e3.M  = 915.649598592 ;
 e4.M  = 874.880699987 ;
 e5.M  = 948.539102114 ;
 e6.M  = 856.932042294 ;
 e7.M  = 891.326728462 ;
 e8.M  = -13.9522452792 ;
 e9.M  = -13.9522452792 ;
 e10.M  = -13.9522452792 ;
 e11.M  = -13.9522452792 ;
 e12.M  = -13.8634103463 ;
 e13.M  = -13.8634103463 ;
 e14.M  = 884.753504828 ;
 e15.M  = 915.649598592 ;
 e16.M  = 874.880699987 ;
 e17.M  = 948.539102114 ;
 e18.M  = 856.932042294 ;
 e19.M  = 891.326728462 ;
 e20.M  = 167.426943351 ;
 e21.M  = 167.426943351 ;
 e22.M  = 167.426943351 ;
 e23.M  = 167.426943351 ;
 e24.M  = 166.360924156 ;
 e25.M  = 166.360924156 ;

$offEmpty
$onListing
