$onEmpty
 x1.L  = 7889.63771841 ;
 x2.L  = 192.735028385 ;
 x3.L  = 2.93250009323E-5 ;
 x3.M  = 1 ;
 x4.L  = 3.43468199258E-5 ;
 x5.L  = 2.99476742213E-5 ;
$offListing
 x5.M  = 1 ;
 x6.L  = 3.08344156008E-5 ;
 x6.M  = 1 ;
 x7.M  = Eps ;
 x8.M  = Eps ;
 x9.L  = 1.18925555359E-5 ;
 x10.M  = 1 ;
 x11.L  = 151370.997004 ;
 x12.L  = 115290.995847 ;
 x13.L  = 77925.1255307 ;
 x13.M  = 1 ;
 x14.L  = 41821.4281928 ;
 x15.L  = 27099.21721716 ;
 x15.M  = Eps ;
 x16.M  = Eps ;
 x17.L  = 50000 ;
 x18.L  = 42000 ;
 x18.M  = 1 ;
 x19.L  = 40000 ;
 x19.M  = 1 ;
 x20.L  = 40000 ;
 x20.M  = 1 ;
 x21.L  = 45000 ;
 x21.M  = 1 ;
 ;
 e1.M  = 1 ;
 e2.M  = Eps ;
 e3.M  = Eps ;
 e4.M  = Eps ;
 e5.M  = Eps ;
 e6.M  = Eps ;
 e7.M  = Eps ;
 e8.M  = Eps ;

$offEmpty
$onListing
