$onEmpty
 objvar.L  = 14085.1398489 ;
 x2.L  = 516.651174172 ;
 x3.L  = -149.351893696 ;
 x4.L  = -0.206642767973 ;
 e1.M  = 1 ;

$offEmpty
