$onEmpty
 x1.L  = 29.4 ;
 x1.M  = Eps ;
 x2.L  = 32.3932068433 ;
 x3.L  = 35.3547318539 ;
 x4.L  = 37.3548548766 ;
 x5.L  = 37.7150673856 ;
$offListing
 x6.L  = 36.9247876479 ;
 x7.L  = 35.5044250587 ;
 x8.L  = 33.8329898775 ;
 x9.L  = 31.8875936818 ;
 x10.L  = 29.6435880205 ;
 x11.L  = 27.0744386552 ;
 x12.L  = 24.1515913861 ;
 x13.L  = 20.8443283192 ;
 x14.L  = 17.1196144044 ;
 x15.L  = 12.9419335484 ;
 x16.L  = 8.2731135417 ;
 x17.L  = 3.0721389244 ;
 x18.L  = 88.2 ;
 x19.L  = 91.728 ;
 x20.L  = 95.39712 ;
 x21.L  = 99.2130048 ;
 x22.L  = 103.181524992 ;
 x23.L  = 107.308785992 ;
 x24.L  = 111.601137431 ;
 x25.L  = 116.065182929 ;
 x26.L  = 120.707790246 ;
 x27.L  = 125.536101856 ;
 x28.L  = 130.55754593 ;
 x29.L  = 135.779847767 ;
 x30.L  = 141.211041678 ;
 x31.L  = 146.859483345 ;
 x32.L  = 152.733862679 ;
 x33.L  = 158.843217186 ;
 x34.L  = 165.196945873 ;
 x35.L  = 37.1002918554 ;
 x36.L  = 37.2897436958 ;
 x37.L  = 37.5852885669 ;
 x38.L  = 38.5688618977 ;
 x39.L  = 40.6573159367 ;
 x40.L  = 43.5385300818 ;
 x41.L  = 46.8862704212 ;
 x42.L  = 50.4663194149 ;
 x43.L  = 54.2939520672 ;
 x44.L  = 58.3854181385 ;
 x45.L  = 62.7580032336 ;
 x46.L  = 67.4300937038 ;
 x47.L  = 72.4212455596 ;
 x48.L  = 77.752257662 ;
 x49.L  = 83.445249452 ;
 x50.L  = 89.5237434646 ;
 x51.L  = 96.0127529639 ;
 x52.L  = 3.5 ;
 x52.M  = Eps ;
 x53.L  = 3.5 ;
 x53.M  = Eps ;
 x54.L  = 3.5 ;
 x54.M  = Eps ;
 x55.L  = 3.5 ;
 x55.M  = Eps ;
 x56.L  = 3.5 ;
 x56.M  = Eps ;
 x57.L  = 3.5 ;
 x57.M  = Eps ;
 x58.L  = 3.5 ;
 x58.M  = Eps ;
 x59.L  = 4 ;
 x59.M  = Eps ;
 x60.L  = 7 ;
 x60.M  = Eps ;
 x61.L  = 10 ;
 x61.M  = Eps ;
 x62.L  = 10.2000000066 ;
 x63.L  = 10.4040000032 ;
 x64.L  = 10.612080001 ;
 x65.L  = 10.8243215883 ;
 x66.L  = 11.0408080388 ;
 x67.L  = 11.2616241997 ;
 x68.L  = 11.4868566786 ;
 x69.L  = 11.7165938036 ;
 x70.L  = 11.9509256662 ;
 x71.L  = 12.1899442002 ;
 x72.L  = 12.4337430986 ;
 x73.L  = 12.6824179532 ;
 x74.L  = 12.9360663015 ;
 x75.L  = 13.1947876275 ;
 x76.L  = 13.4586833823 ;
 x77.L  = 13.7278570451 ;
 x78.L  = 1.75 ;
 x79.L  = 2.8 ;
 x80.L  = 3.5 ;
 x81.L  = 3.5 ;
 x82.L  = 3.5 ;
 x83.L  = 3.5 ;
 x84.L  = 3.5 ;
 x85.L  = 3.75 ;
 x86.L  = 5.4 ;
 x87.L  = 7.9 ;
 x88.L  = 9.5000000033 ;
 x89.L  = 10.2620000036 ;
 x90.L  = 10.4672400028 ;
 x91.L  = 10.6765847951 ;
 x92.L  = 10.8901164961 ;
 x93.L  = 11.1079188292 ;
 x94.L  = 11.330077207 ;
 x95.L  = 11.5566787453 ;
 x96.L  = 11.7878123099 ;
 x97.L  = 12.0235685607 ;
 x98.L  = 12.2640399426 ;
 x99.L  = 12.5093207462 ;
 x100.L  = 12.7595071564 ;
 x101.L  = 13.0146972948 ;
 x102.L  = 13.2749912397 ;
 x103.L  = 13.5404910627 ;
 objvar.L  = -3.61322503017E-10 ;
 e1.M  = Eps ;
 e2.M  = Eps ;
 e3.M  = Eps ;
 e4.M  = Eps ;
 e5.M  = Eps ;
 e6.M  = Eps ;
 e7.M  = Eps ;
 e8.M  = Eps ;
 e9.M  = Eps ;
 e10.M  = Eps ;
 e11.M  = Eps ;
 e12.M  = Eps ;
 e13.M  = Eps ;
 e14.M  = Eps ;
 e15.M  = Eps ;
 e16.M  = Eps ;
 e17.M  = Eps ;
 e18.M  = Eps ;
 e19.M  = Eps ;
 e20.M  = Eps ;
 e21.M  = Eps ;
 e22.M  = Eps ;
 e23.M  = Eps ;
 e24.M  = Eps ;
 e25.M  = Eps ;
 e26.M  = Eps ;
 e27.M  = Eps ;
 e28.M  = Eps ;
 e29.M  = Eps ;
 e30.M  = Eps ;
 e31.M  = Eps ;
 e32.M  = Eps ;
 e33.M  = Eps ;
 e34.M  = Eps ;
 e35.M  = Eps ;
 e36.M  = Eps ;
 e37.M  = Eps ;
 e38.M  = Eps ;
 e39.M  = Eps ;
 e40.M  = Eps ;
 e41.M  = Eps ;
 e42.M  = Eps ;
 e43.M  = Eps ;
 e44.M  = Eps ;
 e45.M  = Eps ;
 e46.M  = Eps ;
 e47.M  = Eps ;
 e48.M  = Eps ;
 e49.M  = Eps ;
 e50.M  = Eps ;
 e51.M  = Eps ;
 e52.M  = Eps ;
 e53.M  = Eps ;
 e54.M  = Eps ;
 e55.M  = Eps ;
 e56.M  = Eps ;
 e57.M  = Eps ;
 e58.M  = Eps ;
 e59.M  = Eps ;
 e60.M  = Eps ;
 e61.M  = Eps ;
 e62.M  = Eps ;
 e63.M  = Eps ;
 e64.M  = Eps ;
 e65.M  = Eps ;
 e66.M  = Eps ;
 e67.M  = Eps ;
 e68.M  = Eps ;
 e69.M  = Eps ;
 e70.M  = Eps ;
 e71.M  = Eps ;
 e72.M  = Eps ;
 e73.M  = Eps ;
 e74.M  = Eps ;
 e75.M  = Eps ;
 e76.M  = Eps ;
 e77.M  = 1 ;

$offEmpty
$onListing
