$onEmpty
 x1.L  = 10 ;
 x1.M  = 0.56733492394 ;
 x2.L  = 108.777368 ;
 x3.L  = 0.40626227518 ;
 x4.L  = 17.3956 ;
 x5.L  = 11.222632 ;
$offListing
 x6.L  = 85 ;
 x6.M  = 0.242061134768 ;
 x7.L  = 92.754 ;
 x8.L  = 12 ;
 x8.M  = -0.446598891998 ;
 x9.L  = 3.571836 ;
 x10.L  = 145.262 ;
 objvar.L  = -5.6733492394 ;
 e1.M  = 1.55345887692 ;
 e2.M  = 3.325 ;
 e3.M  = -10 ;
 e4.M  = 1.85343427385 ;
 e5.M  = 0.35 ;
 e6.M  = -1.13740461538 ;
 e7.M  = 0.252503824615 ;
 e8.M  = 1 ;

$offEmpty
$onListing
