$onEmpty
 x1.L  = 14.4278049982 ;
 x2.L  = 2.88556100048 ;
 x3.L  = 126.825231682 ;
 x4.L  = 84.2535956148 ;
 x5.L  = 52.4808889313 ;
 x6.L  = 175.911304364 ;
$offListing
 x7.L  = 15.8689824162 ;
 x8.L  = 137.531180929 ;
 x9.L  = 22.9849687866 ;
 x10.L  = 22.1841015169 ;
 x11.L  = 35.4945624349 ;
 x12.L  = 49.5599004496 ;
 x13.L  = 228.392193296 ;
 x14.L  = 52.4808889313 ;
 x15.L  = 175.911304364 ;
 x16.L  = 176.385132132 ;
 x17.L  = 107.238564401 ;
 objvar.L  = 3.96822036167 ;
 e1.M  = -0.10633989 ;
 e2.M  = -0.182632556714 ;
 e3.M  = -0.182632556324 ;
 e4.M  = -0.298496878515 ;
 e5.M  = 0.0426393219312 ;
 e6.M  = 0.182632556324 ;
 e7.M  = 0.182632556714 ;
 e8.M  = 0.182632556324 ;
 e9.M  = 0.155182479903 ;
 ;
 e11.M  = 1 ;

$offEmpty
$onListing
