$onEmpty
 x1.L  = 193.407427369 ;
 x2.L  = 179.547075098 ;
 x3.L  = 185.018065683 ;
 x4.L  = 168.70678964 ;
 objvar.L  = 726.67935779 ;
 e1.M  = -7692.93656984 ;
$offListing
 e2.M  = -41466.7917626 ;
 e3.M  = 1 ;

$offEmpty
$onListing
