$onEmpty
 objvar.L  = -1.76499964633 ;
 x2.L  = 1.70370291772 ;
 x3.L  = 1.58470999786 ;
 x4.L  = 0.543084200389 ;
 x5.L  = 3.03582206371 ;
 x6.L  = 2 ;
$offListing
 x6.M  = -0.882499871995 ;
 x7.L  = 0.901319381076 ;
 x8.L  = 0.95 ;
 x8.M  = -17.3201583536 ;
 x9.L  = 10.4754765591 ;
 x10.L  = 1.56163636364 ;
 x11.L  = 1.53535353535 ;
 x12.L  = 0.99 ;
 x12.M  = 2.06361745003 ;
 x13.L  = 0.99 ;
 x13.M  = 21.9374937958 ;
 x14.L  = 1.11111111111 ;
 x14.M  = -0.488775780565 ;
 x15.L  = 0.99 ;
 x15.M  = 10.7759591879 ;
 e1.M  = 1 ;
 e2.M  = -5.13314985138 ;
 e3.M  = 12.7096102404 ;
 e4.M  = 0.034999993817 ;
 e5.M  = -0.679755732296 ;
 e6.M  = -23.0920987324 ;
 e7.M  = 0.312989497393 ;
 e8.M  = -7.01855236578 ;

$offEmpty
$onListing
