$onEmpty
 x1.L  = 5.95578045133 ;
 x2.L  = 5.38901300597 ;
 x3.L  = 5.36530315488 ;
 x4.L  = 2.27105451575 ;
 objvar.L  = 1.95173322 ;
 x6.L  = 1000 ;
$offListing
 x6.M  = -0.00112965023866 ;
 x7.L  = 1.62729686061 ;
 x8.L  = 0.324436359393 ;
 x9.L  = 1.32517855394 ;
 x10.L  = 50 ;
 x10.M  = -0.00816293930855 ;
 x11.L  = 585 ;
 x12.L  = 1 ;
 x12.M  = 2.92759983 ;
 x13.L  = 0.1 ;
 x14.L  = 6.42985960593 ;
 e1.M  = 0.0001 ;
 e2.M  = 0.0001 ;
 e3.M  = 0.0678797965783 ;
 e4.M  = -1.00471493287E-5 ;
 e5.M  = -66740.1820898 ;
 e6.M  = -0.000192279198322 ;
 e7.M  = 2.28831817941 ;
 e8.M  = -0.0228657564414 ;
 ;
 ;
 e11.M  = -9.75821709852E-6 ;
 e12.M  = 14.5408659805 ;
 e13.M  = -0.455313180914 ;

$offEmpty
$onListing
