$onEmpty
 x1.L  = 50 ;
 x1.M  = 0.0938820623459 ;
 x2.L  = 75.4858805332 ;
 x3.L  = 93.2622541186 ;
 x4.L  = 8.74813465179 ;
 objvar.L  = 3155.28792686 ;
$offListing
 e1.M  = 1 ;
 e2.M  = 13.0442350708 ;
 e3.M  = 13.0442350708 ;

$offEmpty
$onListing
