$onEmpty
 x1.M  = 245.349703804 ;
 x2.M  = 157.007116529 ;
 x3.L  = 1.04289992411 ;
 x4.M  = 103.876668098 ;
 x5.M  = 401.160276595 ;
 x6.M  = 279.19636584 ;
$offListing
 x7.M  = 232.038584219 ;
 x8.M  = 291.29309935 ;
 x9.M  = 395.991201552 ;
 x10.M  = 229.824764025 ;
 x11.L  = 1.74674379013 ;
 x12.M  = 60.8529680552 ;
 x13.L  = 0.431470883843 ;
 x14.M  = 312.335294592 ;
 x15.M  = 375.003304639 ;
 x16.L  = 4.43305027383 ;
 x17.M  = 194.783628312 ;
 x18.L  = 15.858931758 ;
 x19.M  = 229.445282256 ;
 x20.L  = 16.48690337 ;
 objvar.L  = -4150.41013393 ;
 e1.M  = 1 ;
 ;
 ;
 e4.M  = -3.88330509457 ;
 ;
 e6.M  = -1.63514029181 ;
 e7.M  = -6.86219700013 ;
 ;
 e9.M  = -21.3546216007 ;
 e10.M  = -23.9084376291 ;
 e11.M  = -216.05156094 ;

$offEmpty
$onListing
