$onEmpty
 x1.L  = 579.306684425 ;
 x2.L  = 1359.97066805 ;
 x3.L  = 5109.97066805 ;
 x4.L  = 182.017699581 ;
 x5.L  = 295.601173278 ;
 x6.L  = 217.982300419 ;
$offListing
 x7.L  = 286.416526303 ;
 x8.L  = 395.601173278 ;
 objvar.L  = 7049.24802053 ;
 e1.M  = 1 ;
 e2.M  = -1964.04607257 ;
 e3.M  = -5210.67414549 ;
 e4.M  = -5109.97066805 ;
 e5.M  = -0.00847584761824 ;
 e6.M  = -0.00957865170901 ;
 e7.M  = -0.01 ;

$offEmpty
$onListing
