$onEmpty
 x1.L  = 6.32565409335 ;
 objvar.L  = -443.671704741 ;
 e1.M  = 1 ;

$offEmpty
