$onEmpty
 x1.L  = 0.717536196938 ;
 x2.L  = 1.46984208031 ;
 objvar.L  = -16.7388931844 ;
 e1.M  = 1 ;
 e2.M  = 4.06031582455 ;

$offEmpty
