$onEmpty
 objvar.L  = -0.0201983118707 ;
 x2.L  = 0.00071360942568 ;
 x3.L  = 0.499286390574 ;
 x4.L  = 0.155878987607 ;
 x5.L  = 0.344121012393 ;
 x6.L  = 0.0279794854723 ;
$offListing
 x7.L  = 0.9012134463 ;
 x8.L  = 0.998592239609 ;
 x9.L  = 0.691184013342 ;
 e1.M  = 1 ;
 e2.M  = 4.5594663477 ;
 e3.M  = 0.463379075306 ;
 e4.M  = 0.00423029181862 ;
 e5.M  = 0.927985863587 ;
 e6.M  = -0.0364190737795 ;
 e7.M  = -0.00397754960943 ;

$offEmpty
$onListing
