$onEmpty
 objvar.L  = -0.0324637513048 ;
 x2.L  = 0.00421022608691 ;
 x3.L  = 0.995789773913 ;
 x4.L  = 0.0258960964304 ;
 x5.L  = 0.998699709981 ;
 e1.M  = 1 ;
$offListing
 e2.M  = 4.56923891399 ;
 e3.M  = 0.00390734553913 ;
 e4.M  = 0.967536249846 ;

$offEmpty
$onListing
