$onEmpty
 objvar.L  = -0.294541287763 ;
 x2.L  = 6.6936973762E-5 ;
 x3.L  = 0.996865297269 ;
 x4.L  = 0.00306776575766 ;
 x5.L  = 0.000453346101263 ;
 x6.L  = 0.997995398339 ;
$offListing
 x7.L  = 0.0126665007106 ;
 e1.M  = 1 ;
 e2.M  = 7.6080677837 ;
 e3.M  = 0.00263638570771 ;
 e4.M  = 4.13117290466 ;
 e5.M  = 0.705458722238 ;

$offEmpty
$onListing
