$onEmpty
 x1.L  = 0.771514963357 ;
 x2.L  = 0.51699253368 ;
 x3.L  = 0.204192839853 ;
 x4.L  = 0.388811434292 ;
 x5.L  = 3.03558328414 ;
 x6.L  = 5.09724298893 ;
$offListing
 objvar.L  = -0.388811434159 ;
 e1.M  = 1 ;
 e2.M  = 0.368681483779 ;
 e3.M  = 0.567983538385 ;
 e4.M  = -0.757492918071 ;
 e5.M  = -0.847609530615 ;
 e6.M  = -0.0755752413688 ;

$offEmpty
$onListing
