$onEmpty
 x1.L  = 2.45438226223 ;
 x2.L  = 1.90876452446 ;
 x3.L  = 2.72629357338 ;
 x4.L  = 1.35098335121 ;
 x5.L  = 0.817529048919 ;
 objvar.L  = 0.817529048936 ;
$offListing
 e1.M  = 1 ;
 e2.M  = 0.0494710662453 ;
 e3.M  = -0.0628349970985 ;
 e4.M  = -0.281039019201 ;
 ;
 ;
 e7.M  = -1.52256230037 ;
 ;
 e9.M  = -0.112306063344 ;

$offEmpty
$onListing
