$onEmpty
 objvar.L  = -1.19061985746E-8 ;
 x2.L  = 0.689999778022 ;
 x3.L  = 0.155000437855 ;
 x4.L  = 0.154999784123 ;
 x5.L  = 0.331437541067 ;
 x6.L  = 0.495529583013 ;
$offListing
 x7.L  = 0.14998 ;
 e1.M  = 1 ;
 e2.M  = -16.6273592509 ;
 e3.M  = -3.01715972431 ;
 e4.M  = 5.51093106508 ;
 e5.M  = -0.70673359774 ;

$offEmpty
$onListing
