$onEmpty
 objvar.L  = -0.000425147100296 ;
 x2.L  = 0.775148429136 ;
 x3.L  = 0.224851570864 ;
 x4.L  = 0.551370116185 ;
 x5.L  = 0.614440547667 ;
 x6.L  = 0.161304461401 ;
$offListing
 e1.M  = 1 ;
 e2.M  = -3.05194871597E-7 ;
 e3.M  = -1.59089575704 ;
 e4.M  = 3.2787746776 ;
 e5.M  = 0.0581347246195 ;

$offEmpty
$onListing
