$onEmpty
 x1.L  = 3.99994800385 ;
 x2.L  = 3.99994800385 ;
 objvar.L  = -10.0860014962 ;
 e1.M  = 1 ;

$offEmpty
