$onEmpty
 x1.M  = 0.033465683622 ;
 objvar.L  = 2.80345847804 ;
 e1.M  = 1 ;

$offEmpty
