$onEmpty
 x1.L  = 1.11663475235 ;
 x2.L  = 1.22044082366 ;
 x3.L  = 1.5377853886 ;
 x4.L  = 1.97277020247 ;
 x5.L  = 1.79109596562 ;
 objvar.L  = 0.0293108310252 ;
 ;
$offListing
 e2.M  = -0.0641296257559 ;
 ;
 e4.M  = -0.353202034748 ;
 e5.M  = -0.0214797333109 ;
 e6.M  = 1 ;

$offEmpty
$onListing
