$onEmpty
 x1.L  = 13.3333333333 ;
 x2.L  = 56.25 ;
 x3.L  = 56.25 ;
 x4.L  = 40 ;
 x4.M  = Eps ;
 x5.L  = 28.125 ;
$offListing
 x6.L  = 84.375 ;
 x7.L  = 1875 ;
 x8.L  = 750 ;
 objvar.L  = -2625 ;
 e1.M  = 1 ;
 e2.M  = 1 ;
 e3.M  = 1 ;
 e4.M  = Eps ;
 e5.M  = 210.9375 ;
 ;
 e7.M  = 1.75 ;
 e8.M  = 13.3333333333 ;
 e9.M  = 53.3333333333 ;

$offEmpty
$onListing
