$onEmpty
 objvar.L  = 5.24339907432 ;
 x2.L  = 0.115 ;
 x2.M  = 37.5775677452 ;
 x3.M  = 1.26796337777 ;
 x4.M  = 4.77316531446 ;
 x5.L  = 0.0144299441885 ;
$offListing
 x6.L  = 0.464720382451 ;
 x7.M  = 0.668517563444 ;
 x8.L  = 0.0904456544756 ;
 x9.L  = 0.430404018885 ;
 e1.M  = 1 ;
 e2.M  = -37.5775677452 ;
 e3.M  = 6.16537784467 ;

$offEmpty
$onListing
