$onEmpty
 objvar.L  = 0.431455896621 ;
 x2.M  = 0.779024603213 ;
 x3.L  = 0.00800146911193 ;
 x4.M  = 1.038422154 ;
 x5.M  = 2.79752077806 ;
 x6.L  = 0.00824016333823 ;
$offListing
 x7.L  = 0.00511874639495 ;
 x8.M  = 0.571514592678 ;
 x9.L  = 0.00723627717305 ;
 x10.L  = 0.0046426096583 ;
 x11.M  = 1.47835289887 ;
 x12.M  = 0.152279803762 ;
 x13.L  = 0.00811582470095 ;
 x14.L  = 0.00256058587086 ;
 x15.M  = 1.1985119067 ;
 x16.M  = 12.9727402658 ;
 x17.L  = 0.024517708239 ;
 x18.L  = 0.00446126258001 ;
 x19.M  = 0.117027530446 ;
 x20.M  = 0.976313941804 ;
 x21.L  = 0.000538562469418 ;
 x22.M  = 5.394902155 ;
 x23.L  = 0.121286167553 ;
 x24.M  = 0.731009573052 ;
 x25.M  = 6.33843397546 ;
 x26.L  = 0.0223237038801 ;
 x27.M  = 2.14345892592 ;
 x28.M  = 6.3651433387 ;
 x29.L  = 0.0282089268922 ;
 x30.M  = 3.53692543014 ;
 x31.L  = 0.0731164778233 ;
 x32.M  = 24.156403962 ;
 x33.M  = 5.96198176931 ;
 x34.L  = 0.0276164922465 ;
 x35.M  = 3.74287834042 ;
 x36.M  = 0.653178599969 ;
 x37.L  = 0.0219404930118 ;
 x38.L  = 0.0372661707526 ;
 x39.L  = 0.00194436445298 ;
 x40.M  = 5.81063645252 ;
 x41.M  = 5.32145500534 ;
 x42.M  = 0.931617511885 ;
 x43.M  = 4.47400861879 ;
 x44.M  = 1.16191921898 ;
 x45.M  = 1.91761065869 ;
 x46.L  = 0.314159762183 ;
 x47.L  = 0.135275452107 ;
 x48.L  = 0.143428779561 ;
 x49.M  = 8.73196029364 ;
 x50.M  = 2.3705676657 ;
 x51.M  = 14.7324979315 ;
 x52.M  = 0.79259181186 ;
 x53.M  = 0.746048468914 ;
 x54.M  = 1.96796023802 ;
 x55.L  = 0.0146233607518 ;
 x56.M  = 1.17551960589 ;
 x57.M  = 0.570771108508 ;
 x58.M  = 2 ;
 x59.M  = 0.667910016197 ;
 x60.M  = 2 ;
 x61.M  = 0.501336642196 ;
 x62.M  = 0.683160614029 ;
 x63.M  = 1.27815433094 ;
 x64.M  = 2 ;
 x65.M  = 2 ;
 x66.L  = 0.0939831124256 ;
 x67.M  = 1.01768413926 ;
 x68.M  = 1.54888350512 ;
 x69.L  = 0.0724602207084 ;
 x70.M  = 0.209499587297 ;
 x71.M  = 1.88433136605 ;
 x72.M  = 1.82953011261 ;
 x73.M  = 1.0679820383 ;
 x74.L  = 0.0344495175263 ;
 x75.M  = 0.70590109492 ;
 x76.M  = 1.74863928875 ;
 x77.M  = 1.19816975401 ;
 x78.L  = 0.000211736898254 ;
 x79.M  = 0.259050782318 ;
 x80.M  = 1.55149709544 ;
 x81.M  = 1.20740818814 ;
 x82.M  = 1.25395153109 ;
 x83.M  = 0.0320397619823 ;
 x84.M  = 2 ;
 x85.M  = 0.824480394106 ;
 x86.M  = 1.42922889149 ;
 x87.L  = 0.149028441077 ;
 x88.M  = 1.3320899838 ;
 x89.L  = 0.0235493160532 ;
 x90.M  = 1.4986633578 ;
 x91.M  = 1.31683938597 ;
 x92.M  = 0.72184566906 ;
 x93.L  = 0.00182381269059 ;
 x94.L  = 0.0413263784892 ;
 x95.M  = 2 ;
 x96.M  = 0.982315860736 ;
 x97.M  = 0.451116494883 ;
 x98.M  = 2 ;
 x99.M  = 1.7905004127 ;
 x100.M  = 0.11566863395 ;
 x101.M  = 0.170469887392 ;
 x102.M  = 0.932017961703 ;
 x103.M  = 2 ;
 x104.M  = 1.29409890508 ;
 x105.M  = 0.25136071125 ;
 x106.M  = 0.801830245986 ;
 x107.M  = 2 ;
 x108.M  = 1.74094921768 ;
 x109.M  = 0.448502904556 ;
 e1.M  = 1 ;
 e2.M  = 0.431455896621 ;
 ;
 e4.M  = 0.20740818814 ;
 e5.M  = 0.253951531086 ;
 e6.M  = -0.967960238018 ;
 e7.M  = 1 ;
 e8.M  = -0.175519605894 ;
 e9.M  = 0.429228891492 ;
 e10.M  = -1 ;
 e11.M  = 0.332089983803 ;
 e12.M  = -1 ;
 e13.M  = 0.498663357804 ;
 e14.M  = 0.316839385971 ;
 e15.M  = -0.27815433094 ;
 e16.M  = -1 ;
 e17.M  = -1 ;
 e18.M  = 1 ;
 e19.M  = -0.0176841392643 ;
 e20.M  = -0.548883505117 ;
 e21.M  = 1 ;
 e22.M  = 0.790500412703 ;
 e23.M  = -0.88433136605 ;
 e24.M  = -0.829530112608 ;
 e25.M  = -0.0679820382971 ;
 e26.M  = 1 ;
 e27.M  = 0.29409890508 ;
 e28.M  = -0.74863928875 ;
 e29.M  = -0.198169754014 ;
 e30.M  = 1 ;
 e31.M  = 0.740949217682 ;
 e32.M  = -0.551497095444 ;

$offEmpty
$onListing
