$onEmpty
 x1.L  = 3 ;
 x1.M  = 1.58698635918 ;
 x2.L  = 3.05 ;
 x3.L  = 3.1 ;
 x4.L  = 3.15 ;
 x5.L  = 3.2 ;
$offListing
 x6.L  = 3.25 ;
 x7.L  = 3.3 ;
 x8.L  = 3.35 ;
 x9.L  = 3.4 ;
 x10.L  = 3.45 ;
 x11.L  = 3.5 ;
 x12.L  = 0.95 ;
 x13.L  = 0.97665036215 ;
 x14.L  = 1.00394014393 ;
 x15.L  = 1.03188495236 ;
 x16.L  = 1.06050074699 ;
 x17.L  = 1.089803849 ;
 x18.L  = 1.11981095056 ;
 x19.L  = 1.15053912419 ;
 x20.L  = 1.1820058324 ;
 x21.L  = 1.21422893745 ;
 x22.L  = 1.09494882455 ;
 x23.L  = 0.05 ;
 x23.M  = 0.503653025848 ;
 x24.L  = 0.05 ;
 x24.M  = 0.501813555739 ;
 x25.L  = 0.05 ;
 x25.M  = 0.499293604207 ;
 x26.L  = 0.05 ;
 x26.M  = 0.496189795926 ;
 x27.L  = 0.05 ;
 x27.M  = 0.492588918458 ;
 x28.L  = 0.05 ;
 x28.M  = 0.4885688109 ;
 x29.L  = 0.05 ;
 x29.M  = 0.484199176956 ;
 x30.L  = 0.05 ;
 x30.M  = 0.479542328596 ;
 x31.L  = 0.05 ;
 x31.M  = 0.474653866002 ;
 x32.L  = 0.05 ;
 x32.M  = 0.469583299047 ;
 x33.L  = 0.202277886785 ;
 x33.M  = -10.3895283419 ;
 objvar.L  = -1.49310599163 ;
 e1.M  = -1 ;
 e2.M  = -0.924076860027 ;
 e3.M  = -0.854010077376 ;
 e4.M  = -0.789338237887 ;
 e5.M  = -0.729637333778 ;
 e6.M  = -0.674517612777 ;
 e7.M  = -0.623620706462 ;
 e8.M  = -0.5766170114 ;
 e9.M  = -0.533203299384 ;
 e10.M  = -0.493100535469 ;
 e11.M  = -10.3895283419 ;
 e12.M  = 1.50365302585 ;
 e13.M  = 1.42589041577 ;
 e14.M  = 1.35330368158 ;
 e15.M  = 1.28552803381 ;
 e16.M  = 1.22222625224 ;
 e17.M  = 1.16308642368 ;
 e18.M  = 1.10781988342 ;
 e19.M  = 1.05615934 ;
 e20.M  = 1.00785716539 ;
 e21.M  = 0.962683834516 ;
 ;
 e23.M  = 1 ;

$offEmpty
$onListing
