$onEmpty
 objvar.L  = 1.00000465759 ;
 x2.L  = 0.999995342429 ;
 x3.L  = 4.80225852723 ;
 x4.L  = 1.00046586672 ;
 x5.L  = 0.979539100909 ;
 x6.L  = 0.999534350207 ;
$offListing
 e1.M  = 0.5000023276 ;
 e2.M  = Eps ;
 e3.M  = 4.99507971123E-6 ;
 e4.M  = 2.3287901769E-6 ;
 e5.M  = 0.499486244501 ;
 e6.M  = 0.000256758353486 ;

$offEmpty
$onListing
