$ontext
Solution found by BARON
Solution value: -1.76499964633
$offtext 
 e1.m =    1.00000000000    ;
 e2.m =   -5.13314985138    ;
 e3.m =    12.7096102404    ;
 e4.m =   0.349999938170E-01;
 e5.m =  -0.679755732296    ;
 e6.m =   -23.0920987324    ;
$offlisting
 e7.m =   0.312989497393    ;
 e8.m =   -7.01855236578    ;
 objvar.l =   -1.76499964633    ;
 x2.l =    1.70370291772    ;
 x3.l =    1.58470999786    ;
 x4.l =   0.543084200389    ;
 x5.l =    3.03582206371    ;
 x6.l =    2.00000000000    ;
 x6.m =  -0.882499871995    ;
 x7.l =   0.901319381076    ;
 x8.l =   0.950000000000    ;
 x8.m =   -17.3201583536    ;
 x9.l =    10.4754765591    ;
 x10.l =    1.56163636364    ;
 x11.l =    1.53535353535    ;
 x12.l =   0.990000000000    ;
 x12.m =    2.06361745003    ;
 x13.l =   0.990000000000    ;
 x13.m =    21.9374937958    ;
 x14.l =    1.11111111111    ;
 x14.m =  -0.488775780565    ;
 x15.l =   0.990000000000    ;
 x15.m =    10.7759591879    ;
