$ontext
Solution found by BARON
Solution value: 1.95173322000
$offtext 
 e1.m =   0.100000000000E-03;
 e2.m =   0.100000000000E-03;
 e3.m =   0.678797965783E-01;
 e4.m =  -0.100471493287E-04;
 e5.m =   -66740.1820898    ;
 e6.m =  -0.192279198322E-03;
$offlisting
 e7.m =    2.28831817941    ;
 e8.m =  -0.228657564414E-01;
 e11.m =  -0.975821709852E-05;
 e12.m =    14.5408659805    ;
 e13.m =  -0.455313180914    ;
 x1.l =    5.95578045133    ;
 x2.l =    5.38901300597    ;
 x3.l =    5.36530315488    ;
 x4.l =    2.27105451575    ;
 objvar.l =    1.95173322000    ;
 x6.l =    1000.00000000    ;
 x6.m =  -0.112965023866E-02;
 x7.l =    1.62729686061    ;
 x8.l =   0.324436359393    ;
 x9.l =    1.32517855394    ;
 x10.l =    50.0000000000    ;
 x10.m =  -0.816293930855E-02;
 x11.l =    585.000000000    ;
 x12.l =    1.00000000000    ;
 x12.m =    2.92759983000    ;
 x13.l =   0.100000000000    ;
 x14.l =    6.42985960593    ;
