$ontext
Solution found by BARON
Solution value: 29.8943781591
$offtext 
 e1.m =    1.00000000000    ;
 e2.m =    18.3712400439    ;
 e3.m =   0.410541080859    ;
 e4.m =   0.580355083451    ;
 objvar.l =    29.8943781591    ;
 x2.l =   0.635521568635    ;
$offlisting
 x3.m =   0.243332626600    ;
 x4.l =   0.312701880752    ;
 x5.l =   0.517765506134E-01;
