$ontext
Solution found by BARON
Solution value: 3155.28792686
$offtext 
 e1.m =    1.00000000000    ;
 e2.m =    13.0442350708    ;
 e3.m =    13.0442350708    ;
 x1.l =    50.0000000000    ;
 x1.m =   0.938820623459E-01;
 x2.l =    75.4858805332    ;
$offlisting
 x3.l =    93.2622541186    ;
 x4.l =    8.74813465179    ;
 objvar.l =    3155.28792686    ;
