$ontext
Solution found by BARON
Solution value: -11.0000000000
$offtext 
 e1.m =    1.00000000000    ;
 e2.m =  -0.500000000000    ;
 x1.m =    7.00000000000    ;
 x2.l =    6.00000000000    ;
 x3.m =    2.00000000000    ;
 x4.l =    1.00000000000    ;
 x4.m =   -2.50000000000    ;
$offlisting
 x5.l =    1.00000000000    ;
 x5.m =  -0.500000000000    ;
 x6.m =    1.50000000000    ;
 objvar.l =   -11.0000000000    ;
