$ontext
Solution found by BARON
Solution value: -39.0000000000
$offtext 
 e1.m =    1.00000000000    ;
 x1.l =    1.00000000000    ;
 x1.m =   -52.0000000000    ;
 x2.m =    42.0000000000    ;
 x3.m =    48.0000000000    ;
 x4.l =    1.00000000000    ;
 x4.m =   -55.0000000000    ;
$offlisting
 x5.l =    1.00000000000    ;
 x5.m =   -56.0000000000    ;
 x6.l =    1.00000000000    ;
 x6.m =   -59.0000000000    ;
 x7.m =    47.0000000000    ;
 x8.l =    1.00000000000    ;
 x8.m =   -58.0000000000    ;
 x9.l =    1.00000000000    ;
 x9.m =   -55.0000000000    ;
 x10.l =    1.00000000000    ;
 x10.m =   -54.0000000000    ;
 objvar.l =   -39.0000000000    ;
