$ontext
Solution found by BARON
Solution value: -213.000000000
$offtext 
 e1.m =    1.00000000000    ;
 e3.m =   -10.0000000000    ;
 x1.m =    89.5000000000    ;
 x2.l =    1.00000000000    ;
 x2.m =   -8.50000000000    ;
 x3.m =    96.5000000000    ;
$offlisting
 x4.l =    1.00000000000    ;
 x4.m =   -3.50000000000    ;
 x5.l =    1.00000000000    ;
 x5.m =   -2.50000000000    ;
 x6.l =    20.0000000000    ;
 objvar.l =   -213.000000000    ;
