$ontext
Solution found by BARON
Solution value: -0.375000000000
$offtext 
 e1.m =   -1.00000000000    ;
 e2.m =  -0.750000000000    ;
 x1.m =   0.500000000000    ;
 x2.m =   0.500000000000    ;
 x3.m =   0.250000000000    ;
 x4.l =   0.250000000000    ;
$offlisting
 x5.l =   0.250000000000    ;
 x6.l =   0.250000000000    ;
 x7.l =   0.250000000000    ;
 x8.m =   0.250000000000    ;
 x9.m =   0.500000000000    ;
 x10.m =   0.750000000000    ;
 objvar.l =  -0.375000000000    ;
