$ontext
Solution found by BARON
Solution value: 49318.0179584
$offtext 
 e1.m =    1.00000000000    ;
 e2.m =   -1066.58034026    ;
 e9.m =   -588.701323251    ;
 x1.m =    2591.44234405    ;
 x2.m =    6105.30434783    ;
 x3.m =    4909.60302457    ;
$offlisting
 x4.l =    62.6086956522    ;
 x5.m =    7085.93194707    ;
 x6.m =    9687.23062382    ;
 x7.m =    5928.10964083    ;
 x8.m =    8008.98865784    ;
 x9.m =    12501.9319471    ;
 x10.m =    9945.23062382    ;
 x11.m =    11894.0453686    ;
 x12.m =    6326.42533081    ;
 x13.m =    1188.66729679    ;
 x14.m =    1280.08695652    ;
 x15.m =    4356.38563327    ;
 x16.l =    4.34782608696    ;
 x17.m =    2840.96597353    ;
 x18.m =    7184.98298677    ;
 x19.m =    4957.46502836    ;
 x20.m =    9807.35160681    ;
 objvar.l =    49318.0179584    ;
