$ontext
Solution found by BARON
Solution value: -4150.41013393
$offtext 
 e1.m =    1.00000000000    ;
 e4.m =   -3.88330509457    ;
 e6.m =   -1.63514029181    ;
 e7.m =   -6.86219700013    ;
 e9.m =   -21.3546216007    ;
 e10.m =   -23.9084376291    ;
$offlisting
 e11.m =   -216.051560940    ;
 x1.m =    245.349703804    ;
 x2.m =    157.007116529    ;
 x3.l =    1.04289992411    ;
 x4.m =    103.876668098    ;
 x5.m =    401.160276595    ;
 x6.m =    279.196365840    ;
 x7.m =    232.038584219    ;
 x8.m =    291.293099350    ;
 x9.m =    395.991201552    ;
 x10.m =    229.824764025    ;
 x11.l =    1.74674379013    ;
 x12.m =    60.8529680552    ;
 x13.l =   0.431470883843    ;
 x14.m =    312.335294592    ;
 x15.m =    375.003304639    ;
 x16.l =    4.43305027383    ;
 x17.m =    194.783628312    ;
 x18.l =    15.8589317580    ;
 x19.m =    229.445282256    ;
 x20.l =    16.4869033700    ;
 objvar.l =   -4150.41013393    ;
