$ontext
Solution found by BARON
Solution value: -268.014631541
$offtext 
 e1.m =    1.00000000000    ;
 e4.m =   -10.0744749021    ;
 e5.m =   -3.14506941972    ;
 e6.m =   -1.84332502670    ;
 x1.l =    1.00000000000    ;
 x1.m =   -66.8133499466    ;
$offlisting
 x2.l =   0.907547169811    ;
 x3.m =    22.9990744037    ;
 x4.l =    1.00000000000    ;
 x4.m =   -67.2988252047    ;
 x5.l =   0.715094339623    ;
 x6.l =    1.00000000000    ;
 x6.m =   -203.913029548    ;
 x7.m =    87.2022071912    ;
 x8.l =   0.916981132075    ;
 x9.l =    1.00000000000    ;
 x9.m =   -12.7756496974    ;
 x10.l =    1.00000000000    ;
 x10.m =   -93.7921324315    ;
 objvar.l =   -268.014631541    ;
