$ontext
Solution found by BARON
Solution value: -17.0000000000
$offtext 
 e1.m =    1.00000000000    ;
 x1.l =    1.00000000000    ;
 x1.m =   -58.0000000000    ;
 x2.l =    1.00000000000    ;
 x2.m =   -56.0000000000    ;
 x3.m =    45.0000000000    ;
$offlisting
 x4.l =    1.00000000000    ;
 x4.m =   -53.0000000000    ;
 x5.m =    47.5000000000    ;
 objvar.l =   -17.0000000000    ;
