$ontext
Solution found by BARON
Solution value: -15.0000000000
$offtext 
 e1.m =    1.00000000000    ;
 e2.m =  -0.500000000000    ;
 e3.m =  -0.500000000000    ;
 e4.m =  -0.500000000000    ;
 x1.l =    1.00000000000    ;
 x1.m =   -3.00000000000    ;
$offlisting
 x2.l =    1.00000000000    ;
 x2.m =   -3.00000000000    ;
 x3.l =    1.00000000000    ;
 x3.m =   -3.00000000000    ;
 x4.l =    1.00000000000    ;
 x4.m =   -5.00000000000    ;
 x5.l =    1.00000000000    ;
 x5.m =   -1.00000000000    ;
 x6.l =    1.00000000000    ;
 x6.m =   -1.00000000000    ;
 x7.l =    1.00000000000    ;
 x7.m =   -1.00000000000    ;
 x8.l =    1.00000000000    ;
 x8.m =   -1.00000000000    ;
 x9.l =    1.00000000000    ;
 x9.m =   -1.00000000000    ;
 x10.l =    3.00000000000    ;
 x11.l =    3.00000000000    ;
 x12.l =    3.00000000000    ;
 x13.l =    1.00000000000    ;
 x13.m =   -1.00000000000    ;
 objvar.l =   -15.0000000000    ;
