$ontext
Solution found by BARON
Solution value: -310.000000000
$offtext 
 e1.m =    1.00000000000    ;
 e2.m =    8.00000000000    ;
 e4.m =   -38.0000000000    ;
 e6.m =   -112.000000000    ;
 x1.l =    5.00000000000    ;
 x2.l =    1.00000000000    ;
$offlisting
 x3.l =    5.00000000000    ;
 x3.m =   -40.0000000000    ;
 x5.l =    5.00000000000    ;
 x5.m =   -8.00000000000    ;
 x6.l =    10.0000000000    ;
 x6.m =   -12.0000000000    ;
 objvar.l =   -310.000000000    ;
