$ontext
Solution found by BARON
Solution value: -30665.5386718
$offtext 
 e1.m =    1.00000000000    ;
 e2.m =   -403.268879537    ;
 e7.m =   -809.425033457    ;
 x1.l =    78.0000000000    ;
 x1.m =    48.9273489731    ;
 x2.l =    33.0000000000    ;
 x2.m =    84.3234892478    ;
$offlisting
 x3.l =    29.9952560257    ;
 x4.l =    45.0000000000    ;
 x4.m =   -26.6391980130    ;
 x5.l =    36.7758129058    ;
 objvar.l =   -30665.5386718    ;
