$ontext
Solution found by BARON
Solution value: 7049.24802053
$offtext 
 e1.m =    1.00000000000    ;
 e2.m =   -1964.04607257    ;
 e3.m =   -5210.67414549    ;
 e4.m =   -5109.97066805    ;
 e5.m =  -0.847584761824E-02;
 e6.m =  -0.957865170901E-02;
$offlisting
 e7.m =  -0.100000000000E-01;
 x1.l =    579.306684425    ;
 x2.l =    1359.97066805    ;
 x3.l =    5109.97066805    ;
 x4.l =    182.017699581    ;
 x5.l =    295.601173278    ;
 x6.l =    217.982300419    ;
 x7.l =    286.416526303    ;
 x8.l =    395.601173278    ;
 objvar.l =    7049.24802053    ;
