$ontext
Solution found by BARON
Solution value: -450.000000000
$offtext 
 e1.m =   -1.00000000000    ;
 e2.m =   -1.00000000000    ;
 e4.m =   -2.00000000000    ;
 e5.m =   -2.00000000000    ;
 e6.m =   -6.00000000000    ;
 e7.m =    2200.00000000    ;
$offlisting
 x1.m =    200.000000000    ;
 x2.l =   0.500000000000    ;
 x3.l =   0.500000000000    ;
 x4.m =    4.00000000000    ;
 x5.l =    100.000000000    ;
 x7.l =    100.000000000    ;
 objvar.l =   -450.000000000    ;
