$ontext
Solution found by BARON
Solution value: 1.86415945946
$offtext 
 e1.m = EPS ; 
 e2.m = EPS ; 
 e3.m =   0.648648648649E-02;
 e4.m =   0.433129729730E-01;
 e5.m = EPS ; 
 e6.m = EPS ; 
$offlisting
 e7.m =   0.281429729730E-01;
 e8.m =  -0.151700000000E-01;
 e9.m =  -0.224258258258E-02;
 e10.m =   0.433129729730E-01;
 e11.m = EPS ; 
 e12.m =  -0.129729729730E-01;
 e13.m =   0.433129729730E-01;
 e14.m =  -0.303400000000E-01;
 e15.m =  -0.606800000000    ;
 e16.m = EPS ; 
 e17.m =    1.00000000000    ;
 x1.l =    60.0600600601    ;
 x3.l =    90.0900900901    ;
 x4.l =    149.849849850    ;
 x5.l =    20.0000000000    ;
 x6.m =   0.129729729730E-01;
 x7.l =    20.0000000000    ;
 x8.l =    40.0000000000    ;
 x9.l =    40.0000000000    ;
 x11.m =   0.648648648649E-02;
 x12.l =    20.0000000000    ;
 x13.m =   0.194900000000E-01;
 x14.l =    20.0000000000    ;
 x15.m =   0.433129729730E-01;
 x16.l =    20.0000000000    ;
 x17.m =   0.303400000000E-01;
 x18.l =    20.0000000000    ;
 x19.l =   0.500000000000    ;
 x20.l =   0.500000000000    ;
 x21.m =   0.214607807808    ;
 x22.l =    1.00000000000    ;
 objvar.l =    1.86415945946    ;
