$ontext
Solution found by BARON
Solution value: -600.000000000
$offtext 
 e1.m =   -1.00000000000    ;
 e2.m =   -18.0000000000    ;
 e3.m =   -18.0000000000    ;
 e4.m =   -30.0000000000    ;
 e5.m =   -4.00000000000    ;
 e6.m =   -10.0000000000    ;
$offlisting
 e7.m =    4.00000000000    ;
 x1.l =    600.000000000    ;
 x1.m =   -1.00000000000    ;
 x3.l =    300.000000000    ;
 x4.m =    2.00000000000    ;
 x5.l =    300.000000000    ;
 x7.l =    3.00000000000    ;
 x8.l =    300.000000000    ;
 x9.m =    6.00000000000    ;
 objvar.l =   -600.000000000    ;
