$ontext
Solution found by BARON
Solution value: -400.000000000
$offtext 
 e1.m =   -1.00000000000    ;
 e2.m =   -22.0000000000    ;
 e3.m =   -14.0000000000    ;
 e4.m =   -22.0000000000    ;
 e5.m =   -2.00000000000    ;
 e6.m =   -6.00000000000    ;
$offlisting
 e7.m =    6.00000000000    ;
 x2.l =    200.000000000    ;
 x2.m =   -2.00000000000    ;
 x3.m =    2.00000000000    ;
 x4.l =    100.000000000    ;
 x6.l =    100.000000000    ;
 x7.l =    1.00000000000    ;
 x8.m =    4.00000000000    ;
 x9.l =    100.000000000    ;
 objvar.l =   -400.000000000    ;
