$ontext
Solution found by BARON
Solution value: -750.000000000
$offtext 
 e1.m =   -1.00000000000    ;
 e2.m =   -16.5000000000    ;
 e3.m =   -14.0000000000    ;
 e4.m =   -16.5000000000    ;
 e5.m =   -2.00000000000    ;
 e6.m =   -3.50000000000    ;
$offlisting
 e7.m =    3.50000000000    ;
 x2.l =    200.000000000    ;
 x2.m =   -3.75000000000    ;
 x3.l =    50.0000000000    ;
 x4.l =    150.000000000    ;
 x6.m =   0.500000000000    ;
 x7.l =    1.50000000000    ;
 x8.m =   0.250000000000    ;
 x9.l =    200.000000000    ;
 objvar.l =   -750.000000000    ;
