$ontext
Solution found by BARON
Solution value: 4845.46200496
$offtext 
 e1.m =   -321.721281820    ;
 e2.m =    993.856994517    ;
 e3.m =    1474.46605580    ;
 e4.m = EPS ; 
 e5.m = EPS ; 
 e6.m =   -4.48090475131    ;
$offlisting
 e7.m =   -7.68496515985    ;
 e8.m =   0.840169640872    ;
 e9.m =    5.36202136366    ;
 e10.m =   -8.40169640872    ;
 e11.m =   -36.4073511044    ;
 e12.m =   -8.81116612346    ;
 e13.m =   -23.2294379619    ;
 e14.m =    1.00000000000    ;
 x1.l =    190.000000000    ;
 x2.l =    40.0000000000    ;
 x3.l =    140.000000000    ;
 x4.l =    50.0000000000    ;
 x6.l =    10.0000000000    ;
 x6.m =   -31.1499673464    ;
 x7.m =    907.873143756    ;
 x8.l =    10.0000000000    ;
 x9.l =    10.0000000000    ;
 x10.l =    10.0000000000    ;
 x11.l =    10.0000000000    ;
 x11.m =   -52.8669967408    ;
 x13.l =    210.000000000    ;
 x14.l =    150.000000000    ;
 x15.l =    310.000000000    ;
 x16.l =    210.000000000    ;
 objvar.l =    4845.46200496    ;
