$ontext
Solution found by BARON
Solution value: 7512.23014449
$offtext 
 e1.m =    1.00000000000    ;
 e2.m =   -7.66721083243    ;
 e3.m =   -11.1111111111    ;
 e4.m =   -54.8528173895    ;
 e5.m =  -0.746601366775E-02;
 e6.m =  -0.111111111111E-01;
$offlisting
 e7.m =  -0.100000000000E-01;
 x1.l =    1026.94840555    ;
 x2.l =    1000.00000000    ;
 x2.m =   0.784319227131    ;
 x3.l =    5485.28173895    ;
 x4.l =    265.059714795    ;
 x5.l =    280.588730442    ;
 x6.l =    134.940285205    ;
 x7.l =    284.470984353    ;
 x8.l =    380.588730442    ;
 objvar.l =    7512.23014449    ;
