$ontext
Solution found by BARON
Solution value: -0.324637513048E-01
$offtext 
 e1.m =    1.00000000000    ;
 e2.m =    4.56923891399    ;
 e3.m =   0.390734553913E-02;
 e4.m =   0.967536249846    ;
 objvar.l =  -0.324637513048E-01;
 x2.l =   0.421022608691E-02;
$offlisting
 x3.l =   0.995789773913    ;
 x4.l =   0.258960964304E-01;
 x5.l =   0.998699709981    ;
