$ontext
Solution found by BARON
Solution value: -0.294541287763
$offtext 
 e1.m =    1.00000000000    ;
 e2.m =    7.60806778370    ;
 e3.m =   0.263638570771E-02;
 e4.m =    4.13117290466    ;
 e5.m =   0.705458722238    ;
 objvar.l =  -0.294541287763    ;
$offlisting
 x2.l =   0.669369737620E-04;
 x3.l =   0.996865297269    ;
 x4.l =   0.306776575766E-02;
 x5.l =   0.453346101263E-03;
 x6.l =   0.997995398339    ;
 x7.l =   0.126665007106E-01;
