$ontext
Solution found by BARON
Solution value: -0.201983118707E-01
$offtext 
 e1.m =    1.00000000000    ;
 e2.m =    4.55946634770    ;
 e3.m =   0.463379075306    ;
 e4.m =   0.423029181862E-02;
 e5.m =   0.927985863587    ;
 e6.m =  -0.364190737795E-01;
$offlisting
 e7.m =  -0.397754960943E-02;
 objvar.l =  -0.201983118707E-01;
 x2.l =   0.713609425680E-03;
 x3.l =   0.499286390574    ;
 x4.l =   0.155878987607    ;
 x5.l =   0.344121012393    ;
 x6.l =   0.279794854723E-01;
 x7.l =   0.901213446300    ;
 x8.l =   0.998592239609    ;
 x9.l =   0.691184013342    ;
