$ontext
Solution found by BARON
Solution value: -0.695357934624
$offtext 
 e1.m =    1.00000000000    ;
 e2.m =  -0.813555059108    ;
 e3.m =  -0.808655692968    ;
 objvar.l =  -0.695357934624    ;
 x2.l =   0.499999900000    ;
 x3.l =   0.100000000000E-06;
 x3.m =    24.4100405862    ;
$offlisting
 x4.l =   0.250698611894    ;
 x5.l =   0.249301388106    ;
