$ontext
Solution found by BARON
Solution value: 0.341739553124
$offtext 
 e1.m =    1.00000000000    ;
 e2.m =  -0.365334935219E-06;
 e4.m =  -0.484993581865E-03;
 e5.m =  -0.128241522019    ;
 e7.m =  -0.118507363490    ;
 x1.l =    1073.39164250    ;
$offlisting
 x2.l =    3.31652089375    ;
 x3.l =    4.97478134063    ;
 x4.l =   0.341739553124    ;
 objvar.l =   0.341739553124    ;
