$ontext
Solution found by BARON
Solution value: 1.08986397147
$offtext 
 e1.m =    1.00000000000    ;
 e2.m =  -0.250766670320    ;
 e3.m =   -2.44638774419    ;
 e5.m =   -1.26459412741    ;
 e8.m =  -0.677421192364    ;
 x1.l =    1.12753400713    ;
$offlisting
 x2.l =    1.28202720571    ;
 x3.l =    1.01797279429    ;
 x4.l =    1.08986397147    ;
 objvar.l =    1.08986397147    ;
