$ontext
Solution found by BARON
Solution value: 0.817529048936
$offtext 
 e1.m =    1.00000000000    ;
 e2.m =   0.494710662453E-01;
 e3.m =  -0.628349970985E-01;
 e4.m =  -0.281039019201    ;
 e7.m =   -1.52256230037    ;
 e9.m =  -0.112306063344    ;
$offlisting
 x1.l =    2.45438226223    ;
 x2.l =    1.90876452446    ;
 x3.l =    2.72629357338    ;
 x4.l =    1.35098335121    ;
 x5.l =   0.817529048919    ;
 objvar.l =   0.817529048936    ;
