$ontext
Solution found by BARON
Solution value: -0.388811434159
$offtext 
 e1.m =    1.00000000000    ;
 e2.m =   0.368681483779    ;
 e3.m =   0.567983538385    ;
 e4.m =  -0.757492918071    ;
 e5.m =  -0.847609530615    ;
 e6.m =  -0.755752413688E-01;
$offlisting
 x1.l =   0.771514963357    ;
 x2.l =   0.516992533680    ;
 x3.l =   0.204192839853    ;
 x4.l =   0.388811434292    ;
 x5.l =    3.03558328414    ;
 x6.l =    5.09724298893    ;
 objvar.l =  -0.388811434159    ;
