$ontext
Solution found by BARON
Solution value: -0.116737228492E-02
$offtext 
 e1.m =    1.00000000000    ;
 e2.m = EPS ; 
 e3.m =   -2.48672210313    ;
 e4.m =    8.08431549860    ;
 e5.m =  -0.687429422104    ;
 objvar.l =  -0.116737228492E-02;
$offlisting
 x2.l =   0.968096564514E-01;
 x3.l =   0.245133826711    ;
 x4.l =   0.658056516838    ;
 x5.l =   0.305532786765    ;
 x6.l =   0.670436883254    ;
 x7.l =   0.120322246647    ;
