$ontext
Solution found by BARON
Solution value: -0.107533428384E-01
$offtext 
 e1.m =    1.00000000000    ;
 e2.m =  -0.346770232085E-06;
 e3.m =   -4.57427801113    ;
 e4.m =    22.4775875996    ;
 e5.m =   -1.75171759668    ;
 objvar.l =  -0.107533428384E-01;
$offlisting
 x2.l =   0.533806021753    ;
 x3.l =   0.466193978247    ;
 x4.l =   0.153334781905    ;
 x5.l =   0.621578841567    ;
 x6.l =   0.888266674373E-01;
