$ontext
Solution found by BARON
Solution value: 0.212459838400
$offtext 
 e1.m =    1.00000000000    ;
 e2.m =  -0.260283947679    ;
 e3.m =   0.658553958037    ;
 e4.m =   0.178083736238    ;
 e5.m =  -0.967680037310E-01;
 e6.m =  -0.276244747440    ;
$offlisting
 e7.m =  -0.203340983741    ;
 e8.m =  -0.129459986209    ;
 e9.m =   0.140541307484    ;
 e10.m =   0.207552356690    ;
 e11.m =   0.161883485862    ;
 e12.m =   0.564791812360E-01;
 e13.m =  -0.284034907574    ;
 x1.l =    5.13014198162    ;
 x2.l =   -4.93527000643    ;
 x3.l =    2.67072302098    ;
 x4.l =   -2.07027065374    ;
 x5.l =    1.91095813188    ;
 x6.l =   -1.10377617834    ;
 x7.l =    1.54838400187    ;
 x8.l =  -0.580941742931    ;
 x9.l =    1.33812237372    ;
 x10.l =  -0.228239590618    ;
 x11.l =    1.20167049187    ;
 x12.l =   0.420174537872E-01;
 x13.l =   0.606297568055    ;
 x14.l =   0.556760601804    ;
 x15.l =    1.13180898899    ;
 x16.l =   0.750199691809    ;
 x17.l =   0.621898735576    ;
 objvar.l =   0.212459838400    ;
