$ontext
Solution found by BARON
Solution value: -0.119061985746E-07
$offtext 
 e1.m =    1.00000000000    ;
 e2.m =   -16.6273592509    ;
 e3.m =   -3.01715972431    ;
 e4.m =    5.51093106508    ;
 e5.m =  -0.706733597740    ;
 objvar.l =  -0.119061985746E-07;
$offlisting
 x2.l =   0.689999778022    ;
 x3.l =   0.155000437855    ;
 x4.l =   0.154999784123    ;
 x5.l =   0.331437541067    ;
 x6.l =   0.495529583013    ;
 x7.l =   0.149980000000    ;
