$ontext
Solution found by BARON
Solution value: -0.425147100296E-03
$offtext 
 e1.m =    1.00000000000    ;
 e2.m =  -0.305194871597E-06;
 e3.m =   -1.59089575704    ;
 e4.m =    3.27877467760    ;
 e5.m =   0.581347246195E-01;
 objvar.l =  -0.425147100296E-03;
$offlisting
 x2.l =   0.775148429136    ;
 x3.l =   0.224851570864    ;
 x4.l =   0.551370116185    ;
 x5.l =   0.614440547667    ;
 x6.l =   0.161304461401    ;
