$ontext
Solution found by BARON
Solution value: -0.413543015922E-02
$offtext 
 e1.m =    1.00000000000    ;
 e2.m = EPS ; 
 e3.m =   -5.00329621856    ;
 e4.m =    16.0030651765    ;
 e5.m =   -1.44166949349    ;
 objvar.l =  -0.413543015922E-02;
$offlisting
 x2.l =   0.773226509689E-01;
 x3.l =   0.922677349031    ;
 x4.l =   0.163998779099    ;
 x5.l =   0.412168230394    ;
 x6.l =   0.766227290758E-01;
