$ontext
Solution found by BARON
Solution value: 0.293108310252E-01
$offtext 
 e2.m =  -0.641296257559E-01;
 e4.m =  -0.353202034748    ;
 e5.m =  -0.214797333109E-01;
 e6.m =    1.00000000000    ;
 x1.l =    1.11663475235    ;
 x2.l =    1.22044082366    ;
$offlisting
 x3.l =    1.53778538860    ;
 x4.l =    1.97277020247    ;
 x5.l =    1.79109596562    ;
 objvar.l =   0.293108310252E-01;
