$ontext
Solution found by BARON
Solution value: 99.9999299009
$offtext 
 e1.m =   -1.00000000000    ;
 e3.m =   -11.6666654983    ;
 e5.m =    4.99999649505    ;
 e6.m = EPS ; 
 e7.m = EPS ; 
 e8.m =   -237758.534120    ;
$offlisting
 e9.m =   0.166666608251    ;
 e10.m =  -0.166666491419    ;
 e12.m =    1.66666549835    ;
 objvar.l =    99.9999299009    ;
 x2.l =    9.99999649505    ;
 x3.l =    9.99999649505    ;
 x4.l =   0.700990820168E-05;
 x5.l =    9.99999649505    ;
 x6.l =    10.0000035050    ;
 x7.m = EPS ; 
 x8.l =   0.210297246051E-04;
 x11.m = EPS ; 
