$ontext
Solution found by BARON
Solution value: 0.500000000000
$offtext 
 e1.m =   -1.00000000000    ;
 e2.m = EPS ; 
 e3.m = EPS ; 
 e4.m = EPS ; 
 e5.m =   -1.00000000000    ;
 e6.m =   0.500000000000    ;
$offlisting
 e7.m =   -1.00000000000    ;
 e8.m =    1.00000000000    ;
 objvar.l =   0.500000000000    ;
 x2.l =   -1.00000000000    ;
 x3.l =    3.00000000000    ;
 x4.l =    1.00000000000    ;
 x5.l =    2.00000000000    ;
 x6.l =    1.00000000000    ;
 x7.l =    2.00000000000    ;
