$ontext
Solution found by BARON
Solution value: 1.50000000000
$offtext 
 e1.m =   -1.00000000000    ;
 e2.m =   -2.00000000000    ;
 e3.m = EPS ; 
 e6.m =   0.500000000000    ;
 objvar.l =    1.50000000000    ;
 x2.l =   0.250000000000    ;
$offlisting
 x4.m =    2.00000000000    ;
 x5.l =    1.00000000000    ;
 x6.m =   0.500000000000    ;
 x7.m =  -0.500000000000    ;
