$ontext
Solution found by BARON
Solution value: 900.000000000
$offtext 
 e1.m =   -1.00000000000    ;
 e2.m =    1.00000000000    ;
 e3.m =    16.0000000000    ;
 e4.m =    16.0000000000    ;
 e5.m =   -16.0000000000    ;
 e6.m =   -10.0000000000    ;
$offlisting
 e7.m = EPS ; 
 e10.m =    1.00000000000    ;
 x1.l =    4800.00000000    ;
 x2.l =    3900.00000000    ;
 x3.m =    10.0000000000    ;
 x4.l =    300.000000000    ;
 x6.l =    100.000000000    ;
 x6.m =   -7.00000000000    ;
 x7.l =    200.000000000    ;
 x7.m =   -1.00000000000    ;
 x8.m =    6.00000000000    ;
 x9.m =    6.00000000000    ;
 x10.l =    100.000000000    ;
 x11.l =    200.000000000    ;
 x12.l =    1.00000000000    ;
 objvar.l =   900.000000000    ;
