$ontext
Solution found by BARON
Solution value: 0.866025403783
$offtext 
 e2.m =  -0.144337567300    ;
 e4.m =  -0.144337567298    ;
 e5.m = EPS ; 
 e6.m =  -0.144337567296    ;
 e7.m =  -0.144337567296    ;
 e9.m = EPS ; 
$offlisting
 e13.m = EPS ; 
 e14.m =  -0.144337567300    ;
 e15.m =  -0.144337567297    ;
 e16.m =    1.00000000000    ;
 e17.m =    1.00000000000    ;
 e18.m =    1.00000000000    ;
 e19.m =    1.00000000000    ;
 e20.m =    1.00000000000    ;
 e21.m =    1.00000000000    ;
 e22.m =    1.00000000000    ;
 x1.m = EPS ; 
 x2.l =    1.00000000000    ;
 x3.l =   0.499999999991    ;
 x5.l =    1.00000000000    ;
 x6.l =   0.500000000000    ;
 x7.m = EPS ; 
 x8.m = EPS ; 
 x9.l =  -0.866025403781    ;
 x12.l =  -0.866025403784    ;
 x14.l =  -0.433012701891    ;
 x17.l =  -0.433012701892    ;
 objvar.l =  0.866025403783    ;
