$ontext
Solution found by BARON
Solution value: -2625.00000000
$offtext 
 e1.m =    1.00000000000    ;
 e2.m =    1.00000000000    ;
 e3.m =    1.00000000000    ;
 e4.m = EPS ; 
 e5.m =    210.937500000    ;
 e7.m =    1.75000000000    ;
$offlisting
 e8.m =    13.3333333333    ;
 e9.m =    53.3333333333    ;
 x1.l =    13.3333333333    ;
 x2.l =    56.2500000000    ;
 x3.l =    56.2500000000    ;
 x4.l =    40.0000000000    ;
 x4.m = EPS ; 
 x5.l =    28.1250000000    ;
 x6.l =    84.3750000000    ;
 x7.l =    1875.00000000    ;
 x8.l =    750.000000000    ;
 objvar.l =    -2625.00000000    ;
