$ontext
Solution found by BARON
Solution value: 4366944.15976
$offtext 
 e1.m =    1.00000000000    ;
 e2.m =    884.753504828    ;
 e3.m =    915.649598592    ;
 e4.m =    874.880699987    ;
 e5.m =    948.539102114    ;
 e6.m =    856.932042294    ;
$offlisting
 e7.m =    891.326728462    ;
 e8.m =   -13.9522452792    ;
 e9.m =   -13.9522452792    ;
 e10.m =   -13.9522452792    ;
 e11.m =   -13.9522452792    ;
 e12.m =   -13.8634103463    ;
 e13.m =   -13.8634103463    ;
 e14.m =    884.753504828    ;
 e15.m =    915.649598592    ;
 e16.m =    874.880699987    ;
 e17.m =    948.539102114    ;
 e18.m =    856.932042294    ;
 e19.m =    891.326728462    ;
 e20.m =    167.426943351    ;
 e21.m =    167.426943351    ;
 e22.m =    167.426943351    ;
 e23.m =    167.426943351    ;
 e24.m =    166.360924156    ;
 e25.m =    166.360924156    ;
 x1.l =    839.196500710    ;
 x2.l =    955.803134781    ;
 x3.l =    801.935009010    ;
 x4.l =    1079.93320544    ;
 x5.l =    734.194000205    ;
 x6.l =    864.004862856    ;
 x7.l =    371.866260549    ;
 x8.l =    570.207822045    ;
 x9.l =    305.533025356    ;
 x10.l =    767.148089904    ;
 x11.l =    219.666261096    ;
 x12.l =    452.365932063    ;
 x13.l =    11.0627612588    ;
 x14.l =    26.0109568257    ;
 x15.l =    7.46803436667    ;
 x16.l =    47.0812953475    ;
 x17.l =    3.86026130110    ;
 x18.l =    16.3707949193    ;
 x19.l =    2178.17531493    ;
 x20.l =    3163.93287556    ;
 x21.l =    1848.49913602    ;
 x22.l =    4142.72600682    ;
 x23.l =    1421.74131765    ;
 x24.l =    2578.25868235    ;
 x25.l =    100000.000000    ;
 x25.m =   -13.9522452792    ;
 x26.l =    97861.8962209    ;
 x27.l =    83894.7017141    ;
 x28.l =    85712.7120819    ;
 x29.l =    60000.0000000    ;
 x29.m =   0.888349328828E-01;
 x30.l =    66939.1041882    ;
 x31.l =    60000.0000000    ;
 x31.m =    13.8634103463    ;
 objvar.l =    4366944.15976    ;
