$ontext
Solution found by BARON
Solution value: 5.24339907432
$offtext 
 e1.m =    1.00000000000    ;
 e2.m =   -37.5775677452    ;
 e3.m =    6.16537784467    ;
 objvar.l =    5.24339907432    ;
 x2.l =   0.115000000000    ;
 x2.m =    37.5775677452    ;
$offlisting
 x3.m =    1.26796337777    ;
 x4.m =    4.77316531446    ;
 x5.l =   0.144299441885E-01;
 x6.l =   0.464720382451    ;
 x7.m =   0.668517563444    ;
 x8.l =   0.904456544756E-01;
 x9.l =   0.430404018885    ;
