$ontext
Solution found by BARON
Solution value: 31.0000000000
$offtext 
 e1.m =    1.00000000000    ;
 e2.m =    9.00000000000    ;
 e3.m =    11.0000000000    ;
 e4.m =    16.0000000000    ;
 e5.m =    14.0000000000    ;
 e6.m =    12.0000000000    ;
$offlisting
 objvar.l =    31.0000000000    ;
 x2.l =    1.00000000000    ;
 x3.l =    1.00000000000    ;
 x4.l =    1.00000000000    ;
 x5.l =    1.00000000000    ;
 x6.l =    1.00000000000    ;
