$ontext
Solution found by BARON
Solution value: -5.67334923940
$offtext 
 e1.m =    1.55345887692    ;
 e2.m =    3.32500000000    ;
 e3.m =   -10.0000000000    ;
 e4.m =    1.85343427385    ;
 e5.m =   0.350000000000    ;
 e6.m =   -1.13740461538    ;
$offlisting
 e7.m =   0.252503824615    ;
 e8.m =    1.00000000000    ;
 x1.l =    10.0000000000    ;
 x1.m =   0.567334923940    ;
 x2.l =    108.777368000    ;
 x3.l =   0.406262275180    ;
 x4.l =    17.3956000000    ;
 x5.l =    11.2226320000    ;
 x6.l =    85.0000000000    ;
 x6.m =   0.242061134768    ;
 x7.l =    92.7540000000    ;
 x8.l =    12.0000000000    ;
 x8.m =  -0.446598891998    ;
 x9.l =    3.57183600000    ;
 x10.l =    145.262000000    ;
 objvar.l =    -5.67334923940    ;
