$ontext
Solution found by BARON
Solution value: -1.49310599163
$offtext 
 e1.m =   -1.00000000000    ;
 e2.m =  -0.924076860027    ;
 e3.m =  -0.854010077376    ;
 e4.m =  -0.789338237887    ;
 e5.m =  -0.729637333778    ;
 e6.m =  -0.674517612777    ;
$offlisting
 e7.m =  -0.623620706462    ;
 e8.m =  -0.576617011400    ;
 e9.m =  -0.533203299384    ;
 e10.m =  -0.493100535469    ;
 e11.m =   -10.3895283419    ;
 e12.m =    1.50365302585    ;
 e13.m =    1.42589041577    ;
 e14.m =    1.35330368158    ;
 e15.m =    1.28552803381    ;
 e16.m =    1.22222625224    ;
 e17.m =    1.16308642368    ;
 e18.m =    1.10781988342    ;
 e19.m =    1.05615934000    ;
 e20.m =    1.00785716539    ;
 e21.m =   0.962683834516    ;
 e23.m =    1.00000000000    ;
 x1.l =    3.00000000000    ;
 x1.m =    1.58698635918    ;
 x2.l =    3.05000000000    ;
 x3.l =    3.10000000000    ;
 x4.l =    3.15000000000    ;
 x5.l =    3.20000000000    ;
 x6.l =    3.25000000000    ;
 x7.l =    3.30000000000    ;
 x8.l =    3.35000000000    ;
 x9.l =    3.40000000000    ;
 x10.l =    3.45000000000    ;
 x11.l =    3.50000000000    ;
 x12.l =   0.950000000000    ;
 x13.l =   0.976650362150    ;
 x14.l =    1.00394014393    ;
 x15.l =    1.03188495236    ;
 x16.l =    1.06050074699    ;
 x17.l =    1.08980384900    ;
 x18.l =    1.11981095056    ;
 x19.l =    1.15053912419    ;
 x20.l =    1.18200583240    ;
 x21.l =    1.21422893745    ;
 x22.l =    1.09494882455    ;
 x23.l =   0.500000000000E-01;
 x23.m =   0.503653025848    ;
 x24.l =   0.500000000000E-01;
 x24.m =   0.501813555739    ;
 x25.l =   0.500000000000E-01;
 x25.m =   0.499293604207    ;
 x26.l =   0.500000000000E-01;
 x26.m =   0.496189795926    ;
 x27.l =   0.500000000000E-01;
 x27.m =   0.492588918458    ;
 x28.l =   0.500000000000E-01;
 x28.m =   0.488568810900    ;
 x29.l =   0.500000000000E-01;
 x29.m =   0.484199176956    ;
 x30.l =   0.500000000000E-01;
 x30.m =   0.479542328596    ;
 x31.l =   0.500000000000E-01;
 x31.m =   0.474653866002    ;
 x32.l =   0.500000000000E-01;
 x32.m =   0.469583299047    ;
 x33.l =   0.202277886785    ;
 x33.m =   -10.3895283419    ;
 objvar.l =    -1.49310599163    ;
