$ontext
Solution found by BARON
Solution value: 3.96822036167
$offtext 
 e1.m =  -0.106339890000    ;
 e2.m =  -0.182632556714    ;
 e3.m =  -0.182632556324    ;
 e4.m =  -0.298496878515    ;
 e5.m =   0.426393219312E-01;
 e6.m =   0.182632556324    ;
$offlisting
 e7.m =   0.182632556714    ;
 e8.m =   0.182632556324    ;
 e9.m =   0.155182479903    ;
 e11.m =    1.00000000000    ;
 x1.l =    14.4278049982    ;
 x2.l =    2.88556100048    ;
 x3.l =    126.825231682    ;
 x4.l =    84.2535956148    ;
 x5.l =    52.4808889313    ;
 x6.l =    175.911304364    ;
 x7.l =    15.8689824162    ;
 x8.l =    137.531180929    ;
 x9.l =    22.9849687866    ;
 x10.l =    22.1841015169    ;
 x11.l =    35.4945624349    ;
 x12.l =    49.5599004496    ;
 x13.l =    228.392193296    ;
 x14.l =    52.4808889313    ;
 x15.l =    175.911304364    ;
 x16.l =    176.385132132    ;
 x17.l =    107.238564401    ;
 objvar.l =    3.96822036167    ;
