$ontext
Solution found by BARON
Solution value: 726.679357790
$offtext 
 e1.m =   -7692.93656984    ;
 e2.m =   -41466.7917626    ;
 e3.m =    1.00000000000    ;
 x1.l =    193.407427369    ;
 x2.l =    179.547075098    ;
 x3.l =    185.018065683    ;
$offlisting
 x4.l =    168.706789640    ;
 objvar.l =    726.679357790    ;
