$ontext
Solution found by BARON
Solution value: 1.00000465759
$offtext 
 e1.m =   0.500002327600    ;
 e2.m = EPS ; 
 e3.m =   0.499507971123E-05;
 e4.m =   0.232879017690E-05;
 e5.m =   0.499486244501    ;
 e6.m =   0.256758353486E-03;
$offlisting
 objvar.l =    1.00000465759    ;
 x2.l =   0.999995342429    ;
 x3.l =    4.80225852723    ;
 x4.l =    1.00046586672    ;
 x5.l =   0.979539100909    ;
 x6.l =   0.999534350207    ;
