$ontext
Solution found by BARON
Solution value: -0.388811434205
$offtext 
 e1.m =   0.368681475449    ;
 e2.m =   0.567983332332    ;
 e3.m =  -0.757492909740    ;
 e4.m =  -0.847609433455    ;
 e5.m =  -0.755752260925E-01;
 e6.m =    1.00000000000    ;
$offlisting
 x1.l =   0.771515135180    ;
 x2.l =   0.516992520527    ;
 x3.l =   0.204192707458    ;
 x4.l =   0.388811434292    ;
 x5.l =    3.03558032529    ;
 x6.l =    5.09724682309    ;
 objvar.l =  -0.388811434205    ;
